image_0000 image_0000_warp 1.36408504 0.18291530 -58.50934333 0.16259474 1.19591024 -48.04454269 0.00031413 0.00042046 1.00000000
image_0001 image_0001_warp 1.03523161 0.05691478 -54.89832853 -0.16310342 1.13786161 33.13539393 -0.00015369 0.00019681 1.00000000
image_0002 image_0002_warp 1.03997023 -0.27505457 66.24505869 0.01953087 0.81647720 46.51493652 0.00021017 -0.00028470 1.00000000
image_0003 image_0003_warp 1.17160120 -0.19834034 29.53352506 -0.03643574 1.10797245 22.44844820 0.00014428 0.00013487 1.00000000
image_0004 image_0004_warp 0.93071012 -0.25530245 71.10168539 0.05849003 0.78512024 2.22757357 -0.00006542 -0.00036007 1.00000000
image_0005 image_0005_warp 1.09284358 -0.04391177 14.43434633 0.00593660 1.03260479 8.28910502 0.00000000 0.00021382 1.00000000
image_0006 image_0006_warp 0.94548105 -0.04099647 -10.64930728 -0.07595932 0.80409635 33.11743868 -0.00023417 -0.00008232 1.00000000
image_0007 image_0007_warp 1.60003389 -0.04432293 -69.18395773 0.10619920 1.21832759 -11.62056961 0.00054948 0.00037927 1.00000000
image_0008 image_0008_warp 1.56903460 0.02143743 -64.08217327 0.11119657 1.65524650 -77.74372629 0.00048883 0.00083746 1.00000000
image_0009 image_0009_warp 0.97231295 0.16268297 -38.92117115 -0.02568754 1.13181026 15.21874941 0.00003214 0.00024363 1.00000000
image_0010 image_0010_warp 1.22594426 0.10301377 9.19847758 0.16825987 1.18690274 -54.06757088 0.00053459 0.00006342 1.00000000
image_0011 image_0011_warp 0.86609731 -0.28925689 69.31374441 -0.04206723 0.71187188 30.99933428 -0.00017508 -0.00042682 1.00000000
image_0012 image_0012_warp 1.07126749 -0.29348940 62.72630271 -0.01898053 0.95670031 -8.40920688 0.00009645 -0.00009459 1.00000000
image_0013 image_0013_warp 1.01801944 -0.04006431 20.39520699 0.13084002 0.94002437 -25.16412044 0.00033232 -0.00035902 1.00000000
image_0014 image_0014_warp 0.63286092 -0.14661700 86.67587834 -0.01328328 0.69715063 11.71530150 -0.00027481 -0.00045711 1.00000000
image_0015 image_0015_warp 0.97245386 -0.12535182 29.14952535 0.00374507 0.87634721 6.49144241 0.00004686 -0.00017595 1.00000000
image_0016 image_0016_warp 0.93045978 -0.06016434 -2.08259560 -0.07336482 0.74401720 51.57164288 -0.00013363 -0.00028581 1.00000000
image_0017 image_0017_warp 1.27724293 0.02753837 -64.69057073 0.05858288 1.35565330 -18.37224463 0.00007896 0.00073956 1.00000000
image_0018 image_0018_warp 0.81100103 -0.16659254 62.53405012 -0.04783381 0.78617393 15.35382753 -0.00003916 -0.00035370 1.00000000
image_0019 image_0019_warp 0.89265131 0.06681656 31.01068372 -0.10079435 1.15953612 29.21622211 -0.00022378 0.00052004 1.00000000
image_0020 image_0020_warp 1.13157616 -0.16593396 31.57483561 0.06521107 0.92802342 13.80402237 0.00025379 -0.00009765 1.00000000
image_0021 image_0021_warp 1.02200334 -0.00378740 24.73551356 0.10365264 1.01924823 -31.73419131 0.00029772 -0.00002228 1.00000000
image_0022 image_0022_warp 1.47475376 0.16040318 -11.21340841 0.23170892 1.47694986 -69.75240681 0.00090421 0.00055109 1.00000000
image_0023 image_0023_warp 0.79565801 -0.18500483 38.03696368 0.02812809 0.70115181 26.92275871 -0.00020042 -0.00036601 1.00000000
image_0024 image_0024_warp 1.18996261 0.24653480 -73.24160414 -0.17047587 1.14849362 53.07828503 -0.00003083 0.00042968 1.00000000
image_0025 image_0025_warp 1.06915069 0.02227655 56.37732924 -0.03353198 1.14185095 -7.78357798 0.00015249 0.00020291 1.00000000
image_0026 image_0026_warp 0.60241312 -0.01741963 68.01721366 -0.09937922 0.73628276 22.03955928 -0.00032765 -0.00039701 1.00000000
image_0027 image_0027_warp 0.67869220 -0.33640120 87.96012790 -0.00090016 0.77163877 -29.62088132 -0.00023278 -0.00062645 1.00000000
image_0028 image_0028_warp 1.13004306 -0.17040027 8.44488002 0.11482373 0.91083422 -12.11674372 0.00047848 -0.00052814 1.00000000
image_0029 image_0029_warp 0.79863650 0.04998565 -1.13227846 -0.09285393 1.03232873 12.54034334 -0.00020102 0.00006727 1.00000000
image_0030 image_0030_warp 1.31626470 0.31503058 -52.99756076 -0.03417905 1.29106197 -2.09427714 0.00032997 0.00050979 1.00000000
image_0031 image_0031_warp 0.88918635 -0.07814847 -2.75265371 -0.00994124 0.88094654 22.72934329 -0.00029935 0.00007859 1.00000000
image_0032 image_0032_warp 1.16830663 0.03779301 -35.34682428 0.10696175 1.15644232 -57.19459257 0.00018191 0.00012205 1.00000000
image_0033 image_0033_warp 0.94809779 0.07370044 -28.45155463 -0.04335305 0.91267717 33.63041222 -0.00009255 -0.00011576 1.00000000
image_0034 image_0034_warp 1.10935366 -0.07799076 -4.22900826 -0.16743019 0.82859809 57.51106596 0.00011444 -0.00025669 1.00000000
image_0035 image_0035_warp 0.78245437 0.01517045 12.99322078 -0.00923738 0.95688438 -54.20465846 -0.00042851 -0.00004577 1.00000000
image_0036 image_0036_warp 1.12470067 0.06107262 -15.58594712 0.13446371 1.02162614 -30.48385372 0.00036373 -0.00005777 1.00000000
image_0037 image_0037_warp 0.83454663 -0.06138942 22.57088515 0.09401160 0.85034251 -29.51935255 -0.00015818 -0.00023025 1.00000000
image_0038 image_0038_warp 0.93627783 -0.00359957 -18.46302074 -0.02464837 1.09466823 -9.00910930 -0.00027445 0.00013397 1.00000000
image_0039 image_0039_warp 1.44455158 -0.03494932 -17.02431862 0.03876031 1.22275847 13.36752844 0.00064634 0.00016631 1.00000000
image_0040 image_0040_warp 0.98296110 0.03900281 -39.82861533 0.02209364 1.05092222 -44.98589508 -0.00014997 0.00000410 1.00000000
image_0041 image_0041_warp 1.05815264 0.10745411 -14.29563751 -0.07264183 1.15706070 0.52833423 0.00004180 0.00036822 1.00000000
image_0042 image_0042_warp 0.87327965 -0.05278712 2.07199051 0.07711378 0.93426965 -17.24744464 -0.00005137 -0.00014437 1.00000000
image_0043 image_0043_warp 1.23001540 -0.16094769 7.74994523 0.12544371 0.88203548 -5.72725431 0.00043565 -0.00050272 1.00000000
image_0044 image_0044_warp 1.05392998 -0.02000558 10.68138271 0.00150677 1.17387620 -32.83778578 0.00005323 0.00020123 1.00000000
image_0045 image_0045_warp 0.78752692 -0.05890184 65.93756239 0.12716212 0.82423297 -38.28335682 0.00004309 -0.00043973 1.00000000
image_0046 image_0046_warp 0.80376314 -0.03294391 32.22339779 -0.06170077 0.98282681 20.73095776 -0.00039440 0.00034726 1.00000000
image_0047 image_0047_warp 1.39163141 0.24592998 -78.75162603 0.08054938 1.35084641 -45.63996114 0.00033803 0.00032739 1.00000000
image_0048 image_0048_warp 0.99007414 -0.04395893 4.80953906 -0.00785303 0.89744091 -16.43560909 0.00010523 -0.00029618 1.00000000
image_0049 image_0049_warp 1.08583918 -0.18709195 29.44146917 0.06651855 1.04773702 -43.15071812 0.00034204 -0.00019958 1.00000000
image_0050 image_0050_warp 1.07202841 -0.06944106 -24.64966086 -0.03240589 1.03761676 -21.54681067 0.00000556 -0.00015440 1.00000000
image_0051 image_0051_warp 1.15297399 -0.12755385 -7.85073944 0.01194918 1.03437799 32.69064540 0.00004606 0.00023717 1.00000000
image_0052 image_0052_warp 0.61585096 -0.08509329 51.63010797 -0.14008723 0.80683766 55.83498002 -0.00057022 0.00003884 1.00000000
image_0053 image_0053_warp 1.21256281 -0.04193405 -45.51577920 0.15391981 1.19491702 -57.99119034 0.00013148 0.00023276 1.00000000
image_0054 image_0054_warp 1.22279886 0.04150516 -23.84035861 0.10384979 1.21223321 -59.48070958 0.00022656 -0.00000698 1.00000000
image_0055 image_0055_warp 0.93178253 -0.09384201 4.42731647 -0.08748455 1.03769524 37.43211901 -0.00025578 0.00016144 1.00000000
image_0056 image_0056_warp 0.73310683 -0.26501343 75.33777253 -0.08308505 0.67921777 51.41440505 -0.00012528 -0.00049474 1.00000000
image_0057 image_0057_warp 1.02298939 -0.09601571 -14.73135649 -0.05631317 0.88455273 47.46401759 -0.00016185 0.00015474 1.00000000
image_0058 image_0058_warp 0.95068601 -0.20673446 32.51561657 0.08896112 0.95867052 -30.36943712 -0.00000347 -0.00021153 1.00000000
image_0059 image_0059_warp 1.05755729 0.12397361 -34.74989702 0.00694224 0.96441112 -9.15044043 0.00007083 -0.00016272 1.00000000
image_0060 image_0060_warp 1.41201289 -0.01980081 -58.98103561 0.15850511 1.13023538 -23.09111900 0.00078786 0.00000037 1.00000000
image_0061 image_0061_warp 0.91194398 -0.25550427 42.51523411 -0.05790687 0.71655375 17.26782975 -0.00009656 -0.00048371 1.00000000
image_0062 image_0062_warp 0.86147623 -0.00890003 12.61431988 -0.05592976 0.92489315 23.17952158 -0.00042714 0.00007538 1.00000000
image_0063 image_0063_warp 1.00911963 0.07132880 -24.41323513 -0.04732082 1.07992728 -40.88480048 -0.00012482 0.00008282 1.00000000
image_0064 image_0064_warp 0.72588596 -0.06976230 20.32805058 -0.25052155 0.69073032 77.87915078 -0.00061554 -0.00018001 1.00000000
image_0065 image_0065_warp 1.23072618 -0.09872203 13.65917271 0.07541471 1.17377226 -30.50963671 0.00031056 0.00006405 1.00000000
image_0066 image_0066_warp 0.79564621 -0.03903078 39.33618137 0.01285274 0.83797731 -5.27924754 -0.00016544 -0.00018790 1.00000000
image_0067 image_0067_warp 0.99727707 -0.11433618 45.06556210 -0.06811032 0.90098663 34.13877631 0.00011371 -0.00018438 1.00000000
image_0068 image_0068_warp 1.06253998 -0.00492346 -19.67671753 0.06009507 0.97989474 -35.29428477 0.00027780 -0.00033188 1.00000000
image_0069 image_0069_warp 1.26830033 0.25216036 -45.51251913 0.10220649 1.26913815 -36.83973250 0.00033037 0.00073367 1.00000000
image_0070 image_0070_warp 0.83765288 -0.14761793 35.22169626 -0.03247973 0.83455669 -6.47049404 -0.00021514 -0.00044310 1.00000000
image_0071 image_0071_warp 1.15026762 -0.14998437 11.98111008 0.08746449 0.94917458 -24.03415384 0.00018391 -0.00033432 1.00000000
image_0072 image_0072_warp 1.19720197 0.10326980 -45.12231687 0.23276609 1.19568605 -57.00615520 0.00041763 0.00029919 1.00000000
image_0073 image_0073_warp 1.11664658 0.03758947 -4.31749844 -0.04153726 1.02304736 -3.11258645 0.00023816 -0.00000282 1.00000000
image_0074 image_0074_warp 0.92707385 0.07464727 -22.65209521 0.03622127 1.06638574 -57.10056824 -0.00040068 0.00012984 1.00000000
image_0075 image_0075_warp 0.83484121 0.00329999 -28.77633902 -0.25036299 0.76843507 75.68607687 -0.00045081 -0.00020151 1.00000000
image_0076 image_0076_warp 0.85011333 -0.08877316 39.76562844 0.18848881 0.72514968 -9.45441890 -0.00010914 -0.00035819 1.00000000
image_0077 image_0077_warp 0.85255148 -0.02645163 31.78248587 -0.01784511 0.83945495 -17.32971313 0.00016722 -0.00039924 1.00000000
image_0078 image_0078_warp 1.53981665 0.01804886 -61.80994255 0.34657986 1.34234791 -84.98229520 0.00060469 0.00036485 1.00000000
image_0079 image_0079_warp 0.99405269 -0.08441932 8.90329412 0.00813897 0.94292957 8.44857097 0.00017677 -0.00030412 1.00000000
image_0080 image_0080_warp 1.32604233 0.48945898 -92.97271640 0.04081395 1.41664678 -34.24643634 0.00023461 0.00104651 1.00000000
image_0081 image_0081_warp 0.78946821 0.00829147 -11.52647418 -0.08371107 0.79883175 38.92460237 -0.00034372 -0.00017607 1.00000000
image_0082 image_0082_warp 0.91781458 0.15417731 18.15923576 0.05467152 1.12384022 -42.83425929 -0.00000660 0.00038129 1.00000000
image_0083 image_0083_warp 1.08843220 0.10815631 -48.15751930 0.05339356 1.12434269 -36.93393608 0.00007678 0.00008229 1.00000000
image_0084 image_0084_warp 1.00728153 -0.05795105 -2.71900252 0.05309633 0.82102269 -31.51439336 0.00012697 -0.00030318 1.00000000
image_0085 image_0085_warp 1.18391401 0.05937430 -7.42199302 0.33785975 0.97805204 -36.42676383 0.00081677 -0.00018606 1.00000000
image_0086 image_0086_warp 0.78220866 -0.06770657 54.08709273 -0.10404195 0.89282954 41.22454202 -0.00041183 0.00012949 1.00000000
image_0087 image_0087_warp 0.95779421 -0.08196402 11.40092611 0.11206952 0.82646318 -56.72544490 0.00015221 -0.00031658 1.00000000
image_0088 image_0088_warp 0.98103181 0.05270507 -34.70027242 0.03237370 1.13218094 -55.47908632 -0.00048598 0.00026069 1.00000000
image_0089 image_0089_warp 1.17260381 -0.00241877 -62.69521667 -0.03472199 1.21088821 -15.76758066 -0.00010852 0.00058106 1.00000000
image_0090 image_0090_warp 1.09882673 0.05859546 -72.72991188 0.10546076 1.03597319 -37.75288952 0.00013058 0.00008385 1.00000000
image_0091 image_0091_warp 1.16376835 0.00649673 -66.98772848 0.12612572 1.00731347 -48.13466247 0.00027494 -0.00025317 1.00000000
image_0092 image_0092_warp 1.52843763 -0.02700496 -42.30226629 -0.01350888 1.45203073 -26.53943443 0.00053433 0.00051577 1.00000000
image_0093 image_0093_warp 0.71214368 -0.14450560 83.27545321 -0.02572974 0.64595416 49.45734945 -0.00022048 -0.00032760 1.00000000
image_0094 image_0094_warp 0.95664872 -0.04054896 -8.53853770 -0.28437669 1.08281481 60.11738100 -0.00038563 0.00023532 1.00000000
image_0095 image_0095_warp 0.78796953 0.12881729 -43.47896109 -0.02999971 1.08216907 -47.31622044 -0.00056276 0.00023817 1.00000000
image_0096 image_0096_warp 0.75740189 -0.17216172 63.21519327 -0.09812383 0.76831635 33.87811568 -0.00006272 -0.00038608 1.00000000
image_0097 image_0097_warp 0.94276882 0.03894156 -10.01662655 -0.11412707 1.02157054 21.42265620 -0.00038329 0.00031166 1.00000000
image_0098 image_0098_warp 0.91516004 0.14397939 -28.37028703 -0.19350231 1.04388289 53.57875678 -0.00036287 0.00046709 1.00000000
image_0099 image_0099_warp 1.24795896 0.00778073 16.39514580 0.16705106 1.15431150 0.25389496 0.00094212 0.00001268 1.00000000
image_0100 image_0100_warp 0.96349077 0.01475201 6.10727821 0.08114868 1.12721335 -44.86277031 0.00013952 -0.00004437 1.00000000
image_0101 image_0101_warp 0.95289626 0.04418159 24.24490019 -0.04757746 1.06034825 -31.33495145 -0.00006322 0.00004726 1.00000000
image_0102 image_0102_warp 1.67324254 0.20197700 -49.66545592 0.33711173 1.84063749 -136.57278235 0.00069117 0.00087386 1.00000000
image_0103 image_0103_warp 1.31921600 -0.03007557 -6.08993133 0.25135975 1.06084077 -74.85428369 0.00052682 -0.00022257 1.00000000
image_0104 image_0104_warp 1.44218387 -0.02889771 8.38856971 0.23701081 1.23449856 -87.51043892 0.00071253 -0.00002541 1.00000000
image_0105 image_0105_warp 0.95562718 0.12493693 -32.68743253 -0.13119688 0.97125056 16.60202832 -0.00007189 -0.00003563 1.00000000
image_0106 image_0106_warp 1.03598454 0.17866890 -58.07382820 -0.05902190 1.17846384 -45.93191200 0.00004496 0.00004477 1.00000000
image_0107 image_0107_warp 0.90023706 0.04555155 -8.52873069 -0.16134441 1.10526498 24.85681475 -0.00032489 0.00014998 1.00000000
image_0108 image_0108_warp 1.05124816 -0.01691316 -4.38187920 0.10892207 0.93444977 -17.53949075 0.00038431 -0.00033984 1.00000000
image_0109 image_0109_warp 1.37731834 -0.18304443 40.22582140 0.06498489 1.19377267 -26.64848547 0.00053506 0.00002774 1.00000000
image_0110 image_0110_warp 0.87673772 0.07107096 15.69285035 -0.01266775 0.91040967 44.01028124 -0.00015148 0.00024981 1.00000000
image_0111 image_0111_warp 1.15921177 -0.00598552 -60.86016776 -0.03892286 1.38945431 -35.03365748 -0.00012745 0.00051202 1.00000000
image_0112 image_0112_warp 1.09436831 -0.02037886 -57.97550973 0.05533727 0.86161633 24.44113850 0.00010831 -0.00018125 1.00000000
image_0113 image_0113_warp 1.01346085 0.24579061 -9.03202152 0.04640069 1.44886745 -30.01145811 -0.00001434 0.00070865 1.00000000
image_0114 image_0114_warp 1.10982210 0.19037366 -52.71351411 -0.16588162 1.29625433 23.57113341 -0.00009543 0.00034960 1.00000000
image_0115 image_0115_warp 0.58612411 -0.04932153 60.77064504 -0.08140072 0.73773662 29.63576877 -0.00042212 -0.00026587 1.00000000
image_0116 image_0116_warp 1.34602978 0.24217529 -96.61532096 0.12388290 1.07865778 -15.64569292 0.00046973 0.00003369 1.00000000
image_0117 image_0117_warp 0.86560393 -0.06420622 11.08437717 0.00727315 0.82242650 -1.99665050 -0.00014861 -0.00032544 1.00000000
image_0118 image_0118_warp 1.15096836 0.07167577 -4.41853475 0.07702751 1.42882271 -73.01687911 0.00006858 0.00036514 1.00000000
image_0119 image_0119_warp 0.79997831 -0.18805666 65.68447351 -0.07123288 0.72341732 33.72418601 -0.00027638 -0.00026989 1.00000000
image_0120 image_0120_warp 1.21507661 -0.08523166 -21.62664422 0.04071751 0.95441740 -29.33396544 0.00042133 -0.00053095 1.00000000
image_0121 image_0121_warp 1.15204106 0.15084235 -58.59980770 0.08246058 1.13050694 -40.25005527 0.00015929 -0.00001064 1.00000000
image_0122 image_0122_warp 1.23264199 0.10659719 -29.82002120 0.07074182 1.37739130 -70.54892044 0.00018750 0.00032700 1.00000000
image_0123 image_0123_warp 1.04366339 -0.18697794 24.18995665 0.08692120 0.69459890 15.82526751 0.00035165 -0.00057479 1.00000000
image_0124 image_0124_warp 0.88421921 -0.59623549 56.63399433 0.03939425 0.59996029 5.59983765 0.00013302 -0.00195373 1.00000000
image_0125 image_0125_warp 0.70195201 -0.36934542 73.75606527 0.01782200 0.77513083 -11.19845930 -0.00013853 -0.00111323 1.00000000
image_0126 image_0126_warp 0.82376647 0.02791294 -2.44831958 0.03462516 0.91872915 -27.14062425 -0.00019397 -0.00011002 1.00000000
image_0127 image_0127_warp 1.16798932 0.13626018 -38.30831175 -0.01782591 1.22476799 -29.39809343 0.00024955 0.00020510 1.00000000
image_0128 image_0128_warp 1.07376848 0.40428162 -53.10821076 -0.02574506 1.46036849 -19.03428167 -0.00022833 0.00118428 1.00000000
image_0129 image_0129_warp 0.72159156 -0.23148114 48.38998100 -0.01086405 0.70580993 -23.24542402 -0.00019438 -0.00070082 1.00000000
image_0130 image_0130_warp 1.04904568 0.13976879 -21.67473159 0.13379655 1.11633316 -41.83222047 0.00014057 0.00004174 1.00000000
image_0131 image_0131_warp 1.00169031 0.00974744 30.09382597 0.02284367 1.08967960 10.68834189 0.00003038 0.00026432 1.00000000
image_0132 image_0132_warp 1.20507575 0.06971389 -1.37040666 -0.00823467 1.34900089 -40.87928221 0.00018083 0.00043260 1.00000000
image_0133 image_0133_warp 0.98415729 0.07644045 -62.38610426 -0.04103874 0.78354446 36.88383068 -0.00008515 -0.00019586 1.00000000
image_0134 image_0134_warp 1.09090694 0.00427079 -61.27411541 -0.01003204 0.87359905 11.85132939 -0.00018024 -0.00001168 1.00000000
image_0135 image_0135_warp 0.90263057 -0.19059484 66.89807114 0.00893130 0.93473245 -54.22597738 -0.00004991 -0.00030052 1.00000000
image_0136 image_0136_warp 1.47736266 0.16975763 -67.07163099 0.27436701 1.47774712 -87.58371766 0.00081132 0.00037606 1.00000000
image_0137 image_0137_warp 1.06105606 -0.07978143 29.89246436 0.02323187 1.05906828 -45.92103399 0.00005799 -0.00016486 1.00000000
image_0138 image_0138_warp 1.34511641 -0.03995352 58.79385377 0.14497754 1.22457497 -30.42267961 0.00057642 0.00009476 1.00000000
image_0139 image_0139_warp 0.60912485 -0.07605413 5.16333090 -0.17619473 0.65669522 84.52441622 -0.00049612 -0.00015768 1.00000000
image_0140 image_0140_warp 0.74979442 0.03309039 7.70089513 -0.08131368 0.69696805 66.21595922 -0.00031389 -0.00014377 1.00000000
image_0141 image_0141_warp 1.10763604 0.15946079 -2.98990456 0.02185461 1.09363277 -18.14539327 0.00003091 0.00026244 1.00000000
image_0142 image_0142_warp 0.67126751 0.08585299 26.39996908 -0.15539712 0.90422064 59.90776665 -0.00030730 0.00005596 1.00000000
image_0143 image_0143_warp 0.60906132 0.05592526 45.09233003 -0.20050744 0.92807082 60.71476871 -0.00071395 0.00024263 1.00000000
image_0144 image_0144_warp 0.90745927 -0.19062909 46.83218387 0.06757359 0.78752263 -16.61492584 0.00003827 -0.00043308 1.00000000
image_0145 image_0145_warp 1.46228265 0.15777959 -66.75397331 0.25456818 1.46950912 -85.81006554 0.00076608 0.00062667 1.00000000
image_0146 image_0146_warp 0.95138799 -0.00292551 2.19282642 -0.00236623 0.88764148 27.80872448 -0.00015983 -0.00005693 1.00000000
image_0147 image_0147_warp 1.08813076 0.13179663 -42.88758969 0.07098595 1.10896107 -14.62815518 0.00021654 0.00014701 1.00000000
image_0148 image_0148_warp 0.89380727 0.05109761 25.77651685 -0.01538712 0.99315102 31.12106335 0.00013051 0.00000054 1.00000000
image_0149 image_0149_warp 1.33603158 0.16684931 -38.41145471 0.06710247 1.26549994 20.23594305 0.00042785 0.00046894 1.00000000
image_0155 image_0155_warp 0.87668111 0.07600711 0.69912704 0.02092858 1.06789436 -128.18345191 -0.00013460 0.00002200 1.00000000
image_0156 image_0156_warp 1.07657692 0.00811238 -4.99231585 -0.04827538 1.02981706 68.06554667 -0.00001330 0.00011201 1.00000000
image_0157 image_0157_warp 1.10915499 -0.09468622 20.72603669 0.27030132 0.75676818 -74.92040973 0.00020905 -0.00019320 1.00000000
image_0158 image_0158_warp 1.27769629 -0.00388463 10.76451666 0.25663321 1.23463370 -154.00146465 0.00031886 0.00010207 1.00000000
image_0159 image_0159_warp 0.84680849 -0.08280241 87.26706271 0.01324512 0.90521332 -113.47580530 0.00000850 -0.00013507 1.00000000
image_0160 image_0160_warp 0.82726173 -0.31532674 123.12152895 -0.01409008 0.71014709 -23.84777566 0.00003565 -0.00061281 1.00000000
image_0161 image_0161_warp 0.82072975 0.04294014 -19.25193151 -0.07487525 0.87299570 35.76144200 -0.00024199 0.00009289 1.00000000
image_0162 image_0162_warp 1.29757864 0.25931709 -150.58088017 0.11076094 0.98061483 -34.21800121 0.00022258 -0.00006113 1.00000000
image_0163 image_0163_warp 1.13206981 -0.26753042 106.57590296 0.03334023 0.85224380 -7.33622294 0.00018101 -0.00032176 1.00000000
image_0164 image_0164_warp 1.28405430 -0.03148538 -25.94006116 0.18987273 1.26361948 -65.15351938 0.00040000 0.00004239 1.00000000
image_0165 image_0165_warp 0.88786733 0.13104580 -23.92354812 0.08171474 1.04273528 -36.93161948 -0.00024162 0.00018091 1.00000000
image_0166 image_0166_warp 0.90860943 -0.04783046 23.41725087 -0.04647891 0.92575986 49.79299318 -0.00030317 0.00011299 1.00000000
image_0167 image_0167_warp 0.80373150 0.00716225 43.37518718 0.00468340 1.00235736 -40.79585103 -0.00006642 -0.00022589 1.00000000
image_0168 image_0168_warp 0.62151603 -0.22643550 72.93277915 -0.05168411 0.57803030 19.95300482 -0.00030215 -0.00066393 1.00000000
image_0169 image_0169_warp 0.78792505 -0.23300584 135.90501723 -0.05155798 0.89915148 38.01234489 -0.00016895 0.00000228 1.00000000
image_0170 image_0170_warp 0.92982502 -0.24973765 88.70976871 0.02387173 1.03978163 -61.47553731 0.00008904 -0.00018954 1.00000000
image_0171 image_0171_warp 0.64015442 -0.12523969 162.73977829 -0.07003512 0.87885098 61.37459722 -0.00014995 -0.00003060 1.00000000
image_0172 image_0172_warp 1.13827376 -0.18957573 94.76197602 0.04047124 1.02840536 -59.10827936 0.00010028 -0.00002723 1.00000000
image_0173 image_0173_warp 0.74111024 -0.12059218 59.80486610 -0.08990337 0.81338035 57.19742579 -0.00014541 -0.00022029 1.00000000
image_0174 image_0174_warp 0.66243015 -0.04615809 70.66646894 -0.12058465 0.66640493 159.09394001 -0.00025745 -0.00011262 1.00000000
image_0175 image_0175_warp 1.03328526 -0.03138814 -13.50131277 0.16865197 1.00299180 -140.26578209 -0.00007970 -0.00000640 1.00000000
image_0176 image_0176_warp 1.26439772 -0.01261320 -33.95803666 0.07599295 1.32308126 -151.65400589 0.00014893 0.00013038 1.00000000
image_0177 image_0177_warp 0.87569337 0.06151854 1.25129701 -0.26791523 1.03995293 112.99603234 -0.00013163 0.00003477 1.00000000
image_0178 image_0178_warp 1.01635652 0.01376246 19.95601526 0.03976888 1.11025483 -135.68150968 0.00000079 -0.00002362 1.00000000
image_0179 image_0179_warp 0.65095475 0.04909550 74.64330142 -0.22650560 1.01723290 111.83145118 -0.00037202 0.00015462 1.00000000
image_0180 image_0180_warp 1.35485766 0.08716301 -100.00263566 -0.10358827 1.46749791 54.51282539 0.00012981 0.00033050 1.00000000
image_0181 image_0181_warp 1.19604588 -0.06023386 26.85231406 0.16564495 0.98349795 -47.65242608 0.00022069 -0.00004863 1.00000000
image_0182 image_0182_warp 1.25984914 0.21034077 -115.17537731 0.18103081 1.51201838 -174.91636433 0.00007579 0.00039920 1.00000000
image_0183 image_0183_warp 1.37144315 -0.03131237 40.79893076 0.26258224 1.21188657 -179.76283289 0.00050754 -0.00002976 1.00000000
image_0184 image_0184_warp 1.35753361 0.09152608 -32.47392475 0.23429403 1.37075303 -180.33133383 0.00030497 0.00014595 1.00000000
image_0185 image_0185_warp 0.92496790 0.19534298 -85.74636476 -0.22129358 1.24043935 68.75631761 -0.00030886 0.00037916 1.00000000
image_0186 image_0186_warp 1.29681520 0.09491466 -77.47136752 -0.14867352 1.21544865 43.00641899 0.00012096 0.00013710 1.00000000
image_0187 image_0187_warp 1.01855410 -0.08744738 16.12103385 0.05505474 0.69699948 81.79802255 0.00008211 -0.00016977 1.00000000
image_0188 image_0188_warp 1.02301272 0.00281792 -87.44818443 -0.21025036 0.95106456 145.27493037 -0.00015854 0.00000970 1.00000000
image_0189 image_0189_warp 1.08088183 0.06294310 -45.67117851 -0.05026688 1.24578068 45.00210919 0.00008650 0.00014724 1.00000000
image_0190 image_0190_warp 0.86297654 -0.10259602 79.36841828 0.01479359 0.83422026 87.58573912 0.00003512 -0.00014740 1.00000000
image_0191 image_0191_warp 1.08910013 -0.03183173 33.02069547 0.07604198 1.05787838 -136.32067823 0.00022095 -0.00009427 1.00000000
image_0192 image_0192_warp 1.01632172 0.01958345 -29.79721669 -0.06658380 1.07359253 -64.92477452 -0.00012727 0.00003448 1.00000000
image_0193 image_0193_warp 1.11334844 0.10336842 -64.93226621 0.01081642 1.26749130 -117.02423299 -0.00002185 0.00007897 1.00000000
image_0194 image_0194_warp 0.89742052 0.00407435 90.11916435 0.15855636 1.03684704 -125.96505719 0.00009017 0.00003057 1.00000000
image_0195 image_0195_warp 0.85619763 0.01380828 27.78409255 -0.19970450 1.04008139 42.26328204 -0.00019776 0.00012010 1.00000000
image_0196 image_0196_warp 0.86025022 -0.04184954 66.62937493 0.11785637 0.91396513 -12.45205486 0.00002241 -0.00009180 1.00000000
image_0197 image_0197_warp 1.07016886 0.03645634 -2.23695288 0.02150889 0.76391978 156.12204049 0.00018050 -0.00012927 1.00000000
image_0198 image_0198_warp 1.41643297 -0.01344692 -47.39760510 0.04781560 1.23407843 36.51716050 0.00032407 0.00013875 1.00000000
image_0199 image_0199_warp 1.13711711 -0.06605080 114.13305878 0.15865350 1.13611766 -102.18742204 0.00024340 0.00004181 1.00000000
image_0200 image_0200_warp 0.86703716 0.14659498 -107.08313131 -0.14655694 0.99526907 86.27926181 -0.00018711 0.00009716 1.00000000
image_0201 image_0201_warp 1.25835911 0.14875297 -109.32377106 0.16929364 1.18259632 -127.33872697 0.00025549 -0.00005325 1.00000000
image_0202 image_0202_warp 1.09798106 0.03960236 0.27947031 0.06404565 1.01657405 -31.29457564 0.00018866 -0.00013513 1.00000000
image_0203 image_0203_warp 1.07902323 0.12108839 -66.25186862 0.03855173 1.04945659 -45.30762975 0.00000274 0.00001392 1.00000000
image_0204 image_0204_warp 0.89628388 0.06250442 14.45788681 -0.04966894 1.06422795 -78.10145982 -0.00013862 0.00003957 1.00000000
image_0205 image_0205_warp 0.99968478 0.14828203 -76.42719303 0.16790037 1.29329545 -151.55886056 -0.00005795 0.00019195 1.00000000
image_0206 image_0206_warp 1.01452815 0.12966699 -61.00508514 0.08274532 1.04138290 0.65081885 -0.00004109 0.00005979 1.00000000
image_0207 image_0207_warp 0.83146989 -0.04274007 -7.13410213 -0.15147540 0.82598244 90.52568745 -0.00018343 -0.00010880 1.00000000
image_0208 image_0208_warp 1.05440446 0.08687260 -85.01357803 0.02476775 1.30920796 -155.32293915 -0.00008526 0.00015075 1.00000000
image_0209 image_0209_warp 0.94316711 0.10311129 -85.65180394 -0.00524031 0.84983995 115.37596233 -0.00015909 0.00004208 1.00000000
image_0210 image_0210_warp 0.96278951 0.16251482 -96.73912394 -0.04524063 0.95430130 122.48548046 -0.00017572 0.00015711 1.00000000
image_0211 image_0211_warp 1.05035326 0.09825146 -107.39936511 -0.04240911 0.87732854 113.32541422 -0.00001948 0.00000442 1.00000000
image_0212 image_0212_warp 0.85036705 0.06752680 24.55840853 -0.03146362 1.00762553 31.24953128 -0.00006913 0.00003429 1.00000000
image_0213 image_0213_warp 0.81160210 -0.14044106 104.47020645 -0.10803468 0.60188703 153.01789151 0.00000232 -0.00025193 1.00000000
image_0214 image_0214_warp 1.21829463 -0.07044940 53.58856345 0.27214324 1.19991699 -134.76984412 0.00019627 0.00003666 1.00000000
image_0215 image_0215_warp 1.03911519 -0.07584146 -0.40875446 0.02735137 0.64238243 143.74937336 0.00008118 -0.00019301 1.00000000
image_0216 image_0216_warp 1.06957252 -0.17776851 52.10311147 0.07790951 0.82389311 15.09307058 0.00011917 -0.00019042 1.00000000
image_0217 image_0217_warp 1.27367181 -0.04950043 -58.46618887 0.02774273 0.89096132 26.50594659 0.00012009 -0.00004775 1.00000000
image_0218 image_0218_warp 0.95103875 0.03413285 -13.00967671 -0.12507790 1.15757421 -18.88213257 -0.00010481 0.00011083 1.00000000
image_0219 image_0219_warp 0.98938417 0.12006913 -50.22054845 -0.01677814 1.06774009 20.23957335 0.00001794 0.00013618 1.00000000
image_0220 image_0220_warp 1.10227896 -0.12175086 54.56196372 0.03244679 1.02073152 -25.30596379 0.00020301 -0.00007988 1.00000000
image_0221 image_0221_warp 0.90653462 -0.10273752 59.69713990 0.00325763 0.98995905 -121.01479856 -0.00010410 -0.00009102 1.00000000
image_0222 image_0222_warp 0.88782492 0.05892343 41.25100276 -0.07090230 0.98159539 72.98213693 -0.00006834 0.00006308 1.00000000
image_0223 image_0223_warp 1.56434876 0.17459769 -163.03800791 0.14868676 1.43904156 -83.24067189 0.00036303 0.00025241 1.00000000
image_0224 image_0224_warp 0.64860226 -0.05763910 99.12764514 -0.16476595 0.75157570 140.13290305 -0.00023289 -0.00009847 1.00000000
image_0225 image_0225_warp 1.21395885 -0.04140537 -50.33890229 0.26578206 0.86655248 -127.73593105 0.00032438 -0.00023350 1.00000000
image_0226 image_0226_warp 0.86701570 -0.09961329 34.89887830 -0.08457924 0.74311673 67.72398417 -0.00017496 -0.00011477 1.00000000
image_0227 image_0227_warp 0.86723384 -0.00779046 21.26723662 0.09437415 1.02816889 -103.86112976 -0.00009822 0.00002756 1.00000000
image_0228 image_0228_warp 0.85847017 -0.17078003 122.56916829 0.17521109 0.72076773 -75.35278700 0.00013129 -0.00033597 1.00000000
image_0229 image_0229_warp 1.02584239 -0.08781747 15.21138874 0.23291163 0.86957726 -96.53831499 0.00009901 -0.00018433 1.00000000
image_0230 image_0230_warp 1.26348307 0.20206036 -130.43380430 0.10535794 1.33858999 -77.12328519 0.00012703 0.00022204 1.00000000
image_0231 image_0231_warp 0.69635171 -0.11111303 112.24186797 -0.04113647 0.80560183 -66.77958288 -0.00015931 -0.00014255 1.00000000
image_0232 image_0232_warp 0.74922143 -0.05795257 64.94279975 -0.06741741 0.82141924 21.48843589 -0.00024786 -0.00005833 1.00000000
image_0233 image_0233_warp 0.88626242 0.22073401 -53.14966851 -0.01699917 1.05631562 52.11446218 -0.00011882 0.00020816 1.00000000
image_0234 image_0234_warp 1.45695910 0.29918713 -160.81093118 0.14326115 1.18719302 -80.39729972 0.00043205 0.00001888 1.00000000
image_0235 image_0235_warp 0.92905193 0.08765735 -95.96357640 0.00690777 0.95911323 -52.52722472 -0.00007001 -0.00019732 1.00000000
image_0236 image_0236_warp 1.09839200 0.30409285 -75.71572730 -0.06820942 1.25694595 16.64745480 0.00001961 0.00052649 1.00000000
image_0237 image_0237_warp 0.83948721 -0.08808994 135.90400407 -0.05812630 0.78813045 66.23935720 -0.00003282 -0.00014686 1.00000000
image_0238 image_0238_warp 1.34011075 0.15924443 -17.93117000 0.16008887 1.31109522 -144.00019080 0.00017736 0.00016319 1.00000000
image_0239 image_0239_warp 1.11188377 0.39114839 -69.58053554 -0.02638120 1.28472784 12.18542703 0.00000707 0.00084089 1.00000000
image_0240 image_0240_warp 1.04570537 -0.01719024 -44.51830236 -0.02603647 0.79665114 22.60160614 -0.00003584 -0.00015805 1.00000000
image_0241 image_0241_warp 0.90852007 -0.10755168 73.68426209 -0.01681533 1.00197547 -35.35455889 0.00019342 -0.00027147 1.00000000
image_0242 image_0242_warp 0.95236118 0.23580475 -1.65838828 -0.01940105 1.26797916 -5.61587460 -0.00025428 0.00073927 1.00000000
image_0243 image_0243_warp 1.11786585 0.03007775 -38.27443825 0.06995049 1.16305920 -37.16969038 0.00022829 0.00006064 1.00000000
image_0244 image_0244_warp 1.00939733 0.07493816 12.69443623 -0.08204783 1.36512877 12.53497234 -0.00012139 0.00058468 1.00000000
image_0245 image_0245_warp 0.76339709 0.18706798 9.91568148 -0.11966070 1.15527425 47.90133254 -0.00041952 0.00059495 1.00000000
image_0246 image_0246_warp 0.95977576 0.18858121 -54.94030390 0.01806498 1.14151742 -0.70822482 -0.00011425 0.00042944 1.00000000
image_0247 image_0247_warp 0.93789011 0.02323626 30.61600241 -0.01298046 0.98597019 18.17385638 -0.00009754 0.00011991 1.00000000
image_0248 image_0248_warp 0.91840821 0.14254850 -37.27045515 0.03546385 0.98281102 2.74427332 -0.00021649 0.00020887 1.00000000
image_0249 image_0249_warp 1.08904128 0.04142111 -18.96733554 0.00168143 1.04826102 13.68759898 -0.00005199 0.00002063 1.00000000
image_0250 image_0250_warp 0.60678151 -0.06360961 37.66576962 -0.30665276 0.77713794 76.56922224 -0.00060248 -0.00022711 1.00000000
image_0251 image_0251_warp 0.69546158 0.00931291 40.58146160 -0.17661843 0.82194071 56.05787681 -0.00054474 -0.00001440 1.00000000
image_0252 image_0252_warp 0.92870204 -0.18012348 64.89093032 0.06340376 0.86368804 -10.80598077 0.00000031 -0.00027535 1.00000000
image_0253 image_0253_warp 1.17233814 0.13969221 -5.23010439 0.04943074 1.31126340 1.50752317 0.00007144 0.00049987 1.00000000
image_0254 image_0254_warp 0.91522152 -0.15317019 29.50466690 -0.00177157 0.66458680 40.85570671 -0.00000255 -0.00049439 1.00000000
image_0255 image_0255_warp 0.97029470 0.02170332 -17.05619783 0.07243107 1.11786512 -41.03430609 0.00006299 -0.00005776 1.00000000
image_0256 image_0256_warp 0.85899756 0.11733470 -18.10913221 -0.11064954 0.84278805 62.24561026 -0.00030276 0.00016301 1.00000000
image_0257 image_0257_warp 1.06273885 -0.12637514 -3.64094470 0.10820417 0.96885498 -23.94408700 0.00023469 -0.00028762 1.00000000
image_0258 image_0258_warp 1.51385316 0.30311885 -109.82366715 0.12721009 1.34989869 -9.75512679 0.00053342 0.00046896 1.00000000
image_0259 image_0259_warp 0.74967424 -0.02059652 71.78474566 -0.05684327 0.81146265 49.42259267 -0.00026672 0.00002425 1.00000000
image_0260 image_0260_warp 1.31143363 0.03527460 -50.54037669 0.11957831 1.35222598 -64.73231505 0.00026592 0.00032085 1.00000000
image_0261 image_0261_warp 0.66071477 -0.06367221 31.53698354 -0.09562049 0.80079447 51.54146176 -0.00034404 -0.00013397 1.00000000
image_0262 image_0262_warp 1.09347689 0.01290379 54.91195811 0.11546519 1.17603210 -38.36135010 0.00015411 0.00014125 1.00000000
image_0263 image_0263_warp 1.28509270 0.09673607 -82.35881977 0.11690371 1.09909895 -42.28430440 0.00030446 -0.00018027 1.00000000
image_0264 image_0264_warp 0.62874998 -0.12348490 44.71240799 -0.14807656 0.58671095 63.20167998 -0.00042172 -0.00045118 1.00000000
image_0265 image_0265_warp 0.82756961 -0.05501265 56.62628024 0.00514817 0.85659112 10.93055566 0.00009049 -0.00046759 1.00000000
image_0266 image_0266_warp 0.96264410 0.20466678 -39.13932932 -0.04878390 1.16543143 25.49364499 -0.00035001 0.00078057 1.00000000
image_0267 image_0267_warp 1.03695461 0.02332351 -6.62886128 -0.05647880 0.96971743 42.68625119 -0.00002935 -0.00008514 1.00000000
image_0268 image_0268_warp 0.72435085 -0.19158953 77.84251321 0.00645925 0.93466836 -39.89237760 -0.00007621 -0.00051346 1.00000000
image_0269 image_0269_warp 0.92172568 0.21014928 -56.95221220 -0.03750569 1.03187813 30.30775317 -0.00016735 0.00016255 1.00000000
image_0270 image_0270_warp 1.23704207 0.12409847 -73.37164205 0.04272961 0.94243523 14.65291187 0.00015991 0.00021006 1.00000000
image_0271 image_0271_warp 1.12623080 0.20375839 -10.56232164 0.06306800 1.14687515 14.57432691 0.00032629 0.00033450 1.00000000
image_0272 image_0272_warp 1.06300289 0.01755744 55.75418234 0.05557971 1.24381920 -43.28965493 0.00007136 0.00033817 1.00000000
image_0273 image_0273_warp 0.93397160 -0.11760828 34.65933791 -0.07854302 0.88459351 28.11888590 -0.00009994 -0.00022019 1.00000000
image_0274 image_0274_warp 1.21215592 0.17551039 -54.52292010 0.00744631 1.22522508 -57.20672249 0.00021889 0.00006533 1.00000000
image_0275 image_0275_warp 0.99562881 -0.05744940 6.33060523 0.05375124 1.10473995 -50.17058696 0.00004732 0.00009258 1.00000000
image_0276 image_0276_warp 1.04428095 -0.02454533 -24.48384004 -0.08169525 0.89311323 74.37614899 0.00013543 -0.00007006 1.00000000
image_0277 image_0277_warp 1.03915887 -0.02329145 42.52825070 0.28489164 0.95779061 -50.70619604 0.00024814 -0.00013861 1.00000000
image_0278 image_0278_warp 1.49595657 0.08422999 -33.31764430 0.04970389 1.42843923 -6.32640000 0.00057666 0.00062774 1.00000000
image_0279 image_0279_warp 1.39836395 0.05575271 -46.84241346 -0.07026057 1.33837827 26.61517373 0.00049645 0.00045595 1.00000000
image_0280 image_0280_warp 0.88540845 -0.17489032 40.98225839 -0.02287639 0.89918004 -28.40996345 -0.00013476 -0.00038060 1.00000000
image_0281 image_0281_warp 0.89284090 0.03193010 2.02339437 -0.09031315 0.84137708 26.63698120 -0.00004362 -0.00027824 1.00000000
image_0282 image_0282_warp 1.04397893 0.03502833 -36.07413911 -0.01519780 0.98619992 -29.00638015 0.00016513 -0.00022790 1.00000000
image_0283 image_0283_warp 0.70849250 -0.23124273 77.81212460 -0.13181694 0.70353251 47.09428695 -0.00032179 -0.00034187 1.00000000
image_0284 image_0284_warp 0.80649933 -0.03322287 31.39283397 0.04772338 0.92232574 -43.83456906 -0.00010717 -0.00016829 1.00000000
image_0285 image_0285_warp 0.92985219 -0.07422385 30.59848898 0.10282155 0.88150857 -51.79081319 0.00037907 -0.00037388 1.00000000
image_0286 image_0286_warp 0.98632041 0.04234663 -40.94992144 0.00992658 1.13567073 -44.38949869 -0.00013509 0.00008780 1.00000000
image_0287 image_0287_warp 1.47795858 -0.00733831 -36.81091742 -0.00465202 1.51180664 -76.52413081 0.00060177 0.00045838 1.00000000
image_0288 image_0288_warp 0.93047289 -0.14743993 69.91575632 0.08013973 0.93451985 -9.92560414 0.00006904 -0.00023939 1.00000000
image_0289 image_0289_warp 1.30321017 -0.19514031 53.61086129 0.13715989 1.04434592 -14.18874621 0.00046319 -0.00021522 1.00000000
image_0290 image_0290_warp 0.80285960 -0.09014810 52.97703470 0.02528653 0.81417327 4.03269825 -0.00018688 -0.00027184 1.00000000
image_0291 image_0291_warp 0.81818878 0.03688241 30.04009273 0.00211067 1.06440113 -18.71534186 -0.00026967 0.00034944 1.00000000
image_0292 image_0292_warp 1.21797210 0.03290795 -45.68029210 0.23256095 1.23368868 -77.72639844 0.00036616 0.00019755 1.00000000
image_0293 image_0293_warp 0.81268054 -0.04908721 -2.82201530 -0.11354199 0.89403790 -4.52607796 -0.00027739 -0.00027014 1.00000000
image_0294 image_0294_warp 1.18002002 0.02349375 -10.43214638 -0.03941818 1.33464319 -6.78061782 0.00035767 0.00033423 1.00000000
image_0295 image_0295_warp 0.92242722 -0.01507188 -17.91992948 -0.04038257 0.75221321 21.52363414 -0.00010119 -0.00020868 1.00000000
image_0296 image_0296_warp 0.99696281 0.03231116 -16.09535243 -0.21188716 1.00810348 23.57063162 -0.00035626 0.00011425 1.00000000
image_0297 image_0297_warp 0.95672471 0.00277133 -9.61600369 0.28839684 0.87312009 -39.23486825 0.00011525 -0.00019592 1.00000000
image_0298 image_0298_warp 0.94622486 0.16676263 -26.91184886 -0.11869281 1.18455050 47.96303356 -0.00037129 0.00059951 1.00000000
image_0299 image_0299_warp 1.09655776 0.01380156 -16.76062687 0.11778391 1.08152428 -24.60558329 -0.00010578 0.00030535 1.00000000
image_0300 image_0300_warp 0.97062333 0.19341765 -59.29257350 -0.00151670 0.96404738 29.46659095 -0.00030029 0.00036170 1.00000000
image_0301 image_0301_warp 0.84775016 -0.03383432 -7.88669729 -0.09598140 0.77106710 32.81853196 -0.00016905 -0.00037381 1.00000000
image_0302 image_0302_warp 0.86133672 -0.10314465 22.09201147 -0.05270094 0.74128812 54.30287779 -0.00022921 -0.00026551 1.00000000
image_0303 image_0303_warp 0.94405429 -0.03898006 13.46612893 0.01894742 0.94842382 11.50451946 -0.00014096 0.00014060 1.00000000
image_0304 image_0304_warp 1.05219956 0.08362411 1.04681707 0.08767665 0.82328330 25.52604164 0.00025903 -0.00014750 1.00000000
image_0305 image_0305_warp 1.28439123 0.07006331 -81.32944027 0.12774972 1.03841120 -69.75328263 0.00044064 -0.00023554 1.00000000
image_0306 image_0306_warp 0.86729077 -0.11364511 35.53330489 0.00727934 0.86670120 38.19319040 0.00006315 -0.00024878 1.00000000
image_0307 image_0307_warp 0.95598985 -0.04146351 29.98719898 0.01705972 1.00177826 -49.00738954 -0.00001812 -0.00015732 1.00000000
image_0308 image_0308_warp 0.94607060 0.17390130 -61.24745920 -0.02461194 0.71057193 54.15475814 -0.00005510 -0.00015734 1.00000000
image_0309 image_0309_warp 0.90977360 -0.12567811 56.18260041 0.04535048 0.81765056 -36.52545677 0.00004611 -0.00040615 1.00000000
image_0310 image_0310_warp 0.84447256 -0.21681646 77.33204505 -0.12197232 0.87003904 44.68577677 -0.00018900 0.00003615 1.00000000
image_0311 image_0311_warp 0.99550144 -0.02329431 -46.86861513 -0.07572067 0.98697475 30.72732303 -0.00012571 0.00016389 1.00000000
image_0312 image_0312_warp 0.79251264 0.01909012 13.70193533 -0.08761343 0.73650129 32.46647278 -0.00025814 -0.00032134 1.00000000
image_0313 image_0313_warp 1.03606361 -0.08184861 -7.79972285 -0.02867978 1.01469726 29.41286041 -0.00008808 0.00022785 1.00000000
image_0314 image_0314_warp 1.13257705 0.05536347 19.84057545 0.11831410 0.97644852 -34.76699524 0.00034978 -0.00031785 1.00000000
image_0315 image_0315_warp 1.39915622 -0.09742143 23.99256711 0.13461715 1.25466858 -37.68703772 0.00080306 0.00003743 1.00000000
image_0316 image_0316_warp 0.92728533 -0.05221536 27.10075554 -0.08010427 0.90850728 49.33773450 -0.00009590 0.00000548 1.00000000
image_0317 image_0317_warp 1.04271022 -0.01702320 1.09185606 -0.19511991 0.98997596 22.80577476 0.00006726 -0.00012313 1.00000000
image_0318 image_0318_warp 0.89268219 -0.02298365 26.33841075 -0.15366410 0.84697344 57.98375693 -0.00028552 0.00006968 1.00000000
image_0319 image_0319_warp 0.83273973 0.15172139 -1.76296936 -0.04466005 1.29557724 -19.18036038 -0.00060525 0.00072976 1.00000000
image_0320 image_0320_warp 1.02137939 -0.01532140 9.13463314 0.12914038 1.15183640 -48.98433246 0.00030715 0.00005445 1.00000000
image_0321 image_0321_warp 1.56675293 -0.02219239 5.58391772 0.39974826 1.38947265 -66.57677131 0.00118977 0.00041520 1.00000000
image_0322 image_0322_warp 1.20420402 0.08649968 -52.27192328 0.14038982 0.84664189 28.68902819 0.00059542 -0.00022012 1.00000000
image_0323 image_0323_warp 1.09345089 -0.00182243 20.77658294 0.09986260 1.03630522 -49.62598804 0.00019358 0.00007576 1.00000000
image_0324 image_0324_warp 1.11300328 0.01456792 -44.16790567 0.01982413 0.93145391 -6.65747387 -0.00004278 0.00007241 1.00000000
image_0325 image_0325_warp 1.00815964 0.40091397 -82.46903707 -0.00091340 1.03882747 36.56199090 -0.00015924 0.00053675 1.00000000
image_0326 image_0326_warp 1.39418497 0.01707353 -45.43334298 0.10676377 1.27940068 -38.66399455 0.00040569 0.00050316 1.00000000
image_0327 image_0327_warp 1.02241339 0.20606209 -38.72031453 0.08047042 0.95749531 -4.55465193 0.00011105 0.00008977 1.00000000
image_0328 image_0328_warp 0.96697455 0.06396517 -25.94344452 -0.09086553 1.16909126 35.04680274 -0.00032123 0.00055443 1.00000000
image_0329 image_0329_warp 1.77902819 0.24475959 -100.77042301 0.19431100 1.85785774 -85.38330167 0.00074678 0.00124191 1.00000000
image_0330 image_0330_warp 1.22194960 0.18112625 -39.95217289 -0.04337244 1.35675365 -17.20884576 0.00017167 0.00046823 1.00000000
image_0331 image_0331_warp 0.81451015 -0.33538047 84.60021274 0.01640070 0.62836958 -8.04825051 0.00002106 -0.00089854 1.00000000
image_0332 image_0332_warp 1.10827854 0.04109415 -28.77465901 0.03512053 0.94090706 8.05724764 -0.00002451 0.00018503 1.00000000
image_0333 image_0333_warp 0.98437609 -0.28899916 71.48801396 0.10311220 0.84016937 1.34563583 0.00034414 -0.00048191 1.00000000
image_0334 image_0334_warp 1.24122943 0.36243182 -83.22937497 0.04765658 1.55704168 -59.69405710 0.00029346 0.00073023 1.00000000
image_0335 image_0335_warp 1.00508161 -0.26670471 60.14740072 0.08464186 0.95412946 -28.72366076 0.00033371 -0.00043630 1.00000000
image_0336 image_0336_warp 1.56709184 0.10332828 -74.35915376 0.39840682 1.20795552 -64.70156551 0.00108621 0.00016282 1.00000000
image_0337 image_0337_warp 0.92961488 -0.07453963 47.47549575 0.00392411 0.92228749 -21.00688432 0.00034346 -0.00037367 1.00000000
image_0338 image_0338_warp 0.89995807 0.10346035 -32.42584837 -0.30340607 0.97172637 79.61870863 -0.00038710 0.00024022 1.00000000
image_0339 image_0339_warp 0.93511407 -0.01973016 -14.93758103 0.00255948 1.00221734 -30.62420050 0.00005659 -0.00025238 1.00000000
image_0340 image_0340_warp 0.90227704 0.18017075 22.29983473 -0.04437546 1.11196873 14.08190116 -0.00018405 0.00070592 1.00000000
image_0341 image_0341_warp 0.97607194 -0.07345831 -33.41791204 -0.10319025 0.92997294 22.51170951 -0.00015396 -0.00024666 1.00000000
image_0342 image_0342_warp 1.10988318 -0.09406912 14.47082027 0.04640339 0.91903144 -6.14283760 0.00041398 -0.00044168 1.00000000
image_0343 image_0343_warp 0.99642469 0.24340117 -44.74652167 -0.13067425 1.05198400 36.91231798 -0.00012041 0.00011402 1.00000000
image_0344 image_0344_warp 0.74605625 -0.14270792 53.11804586 -0.28186511 0.65116480 88.53524938 -0.00023964 -0.00044924 1.00000000
image_0345 image_0345_warp 1.12007537 0.03051092 -33.89683179 0.00853216 1.14744169 42.22868211 -0.00010129 0.00028420 1.00000000
image_0346 image_0346_warp 1.15897962 0.03862223 -8.32177007 0.21720203 1.00640392 -34.92654128 0.00030956 0.00007161 1.00000000
image_0347 image_0347_warp 1.02330770 -0.00360497 -38.85772879 -0.04951137 0.97564058 -6.39939588 -0.00038966 -0.00000722 1.00000000
image_0348 image_0348_warp 0.83073935 -0.08249938 61.78066224 0.01638601 1.00216861 -42.42930652 -0.00018518 -0.00005974 1.00000000
image_0349 image_0349_warp 0.78183174 0.13391489 4.57474070 -0.12027544 0.87217093 59.22092206 -0.00037031 0.00014040 1.00000000
image_0350 image_0350_warp 1.24679223 0.27598367 -63.97661098 0.10605127 1.19137744 -34.05942092 0.00005335 0.00050023 1.00000000
image_0351 image_0351_warp 0.96415460 0.25028269 -32.57234022 0.03382923 1.18200106 -40.91308453 -0.00000807 0.00036040 1.00000000
image_0352 image_0352_warp 0.78462074 0.11303876 48.25080659 -0.14525970 1.23111651 44.40957293 -0.00029215 0.00045139 1.00000000
image_0353 image_0353_warp 0.90435050 0.15055109 -48.53657699 0.02284267 1.03037421 -13.29538116 -0.00026023 0.00019188 1.00000000
image_0354 image_0354_warp 1.02262052 0.07625489 43.19265094 -0.02670955 1.41483632 9.93966991 -0.00002914 0.00067483 1.00000000
image_0355 image_0355_warp 0.76509208 0.07294064 -1.43609166 -0.10113317 0.90381859 35.74329883 -0.00047150 0.00009925 1.00000000
image_0356 image_0356_warp 0.76440403 -0.06241228 56.65483786 0.00273232 0.72738479 40.07404081 -0.00019842 -0.00018843 1.00000000
image_0357 image_0357_warp 0.76047462 0.06054685 -8.33402626 -0.17039300 0.99211910 56.58911932 -0.00034790 0.00011032 1.00000000
image_0358 image_0358_warp 0.98174495 -0.14709542 10.02179500 -0.06351747 0.87498913 46.99574321 0.00004379 -0.00018462 1.00000000
image_0359 image_0359_warp 0.72488540 -0.06974887 68.60454557 -0.01245889 0.82936405 -4.16795936 -0.00030256 -0.00016847 1.00000000
image_0360 image_0360_warp 0.71700330 -0.24036846 83.43472207 -0.05795368 0.80193227 0.07184093 -0.00031648 -0.00033629 1.00000000
image_0361 image_0361_warp 0.86845702 -0.01447454 -11.23912411 0.07307415 0.97687133 -25.72978961 -0.00018483 0.00007400 1.00000000
image_0362 image_0362_warp 0.71263201 -0.08067618 38.84046603 -0.01966442 0.81108260 42.25382385 -0.00039821 0.00005765 1.00000000
image_0363 image_0363_warp 0.81763090 0.05782162 5.06736250 -0.16505687 0.90779688 60.31336485 -0.00030250 -0.00009374 1.00000000
image_0364 image_0364_warp 0.97026551 -0.21614423 18.88279905 0.03072487 0.85876518 -0.39921596 -0.00006161 -0.00038984 1.00000000
image_0365 image_0365_warp 1.04445402 -0.22465452 33.69561675 0.01466233 1.09129856 -36.44505402 0.00017695 -0.00035102 1.00000000
image_0366 image_0366_warp 1.13813481 0.22887996 -46.45634979 0.02636787 1.48819521 -40.77105470 -0.00011346 0.00107768 1.00000000
image_0367 image_0367_warp 1.33570608 -0.23317215 5.14151326 0.00470874 1.10598219 -31.31609999 0.00052381 -0.00037905 1.00000000
image_0368 image_0368_warp 1.26915535 0.23070445 -68.19270153 -0.09443237 1.25335468 9.84729405 0.00014736 0.00031427 1.00000000
image_0369 image_0369_warp 1.24608096 -0.08393054 -40.44020239 -0.00418784 0.99945629 -13.93564756 0.00014421 -0.00009614 1.00000000
image_0370 image_0370_warp 0.87510942 -0.09427427 59.81951190 -0.00237896 0.91929812 -35.91262857 -0.00004032 -0.00014371 1.00000000
image_0371 image_0371_warp 0.75236310 0.16530643 -7.93848067 -0.03725045 1.06191670 -2.01792134 -0.00032214 0.00026839 1.00000000
image_0372 image_0372_warp 1.00221096 -0.11951982 32.98931277 0.12614869 0.78899172 -1.81761562 0.00020872 -0.00041191 1.00000000
image_0373 image_0373_warp 0.89634713 -0.00337549 21.25058939 -0.11272519 0.86745234 64.07871057 -0.00031657 -0.00001905 1.00000000
image_0374 image_0374_warp 1.13519101 -0.12982982 27.93579617 -0.00368995 0.93788607 8.13653870 0.00022524 -0.00017310 1.00000000
image_0375 image_0375_warp 1.02198849 -0.05135104 -13.48609253 0.07876241 0.83823265 32.46749024 0.00005017 -0.00021166 1.00000000
image_0376 image_0376_warp 0.55299776 -0.13799882 73.33260346 -0.13264323 0.66651181 53.41804979 -0.00047897 -0.00040185 1.00000000
image_0377 image_0377_warp 1.36344875 -0.06086220 -56.35240146 0.13685885 0.92328975 -26.87646738 0.00047398 -0.00039387 1.00000000
image_0378 image_0378_warp 1.17045853 -0.11977759 -10.08589594 0.15104576 0.84787612 -19.84181613 0.00043150 -0.00043374 1.00000000
image_0379 image_0379_warp 0.71685389 -0.05930895 68.94752136 -0.13758830 0.88732612 43.82726671 -0.00009365 -0.00023758 1.00000000
image_0380 image_0380_warp 1.06193848 -0.10163709 6.87723907 0.03408035 1.06141102 -9.89852096 0.00014605 0.00003633 1.00000000
image_0381 image_0381_warp 0.78814071 0.29451926 -48.40409488 -0.12153680 1.04314558 32.21065335 -0.00057026 0.00045176 1.00000000
image_0382 image_0382_warp 1.06711103 -0.09880933 43.20921201 0.16231778 1.02380480 -28.62786770 0.00052978 -0.00041319 1.00000000
image_0383 image_0383_warp 0.94917537 -0.02738172 -24.24695393 -0.07883493 1.01849663 -0.46583200 -0.00040471 0.00040051 1.00000000
image_0384 image_0384_warp 1.03869535 0.15326389 -26.14525430 -0.13017817 1.18947953 33.40876299 0.00005636 0.00041410 1.00000000
image_0385 image_0385_warp 0.63491917 0.04956831 50.28134375 -0.02874748 0.85969972 6.34177295 -0.00038420 -0.00006445 1.00000000
image_0386 image_0386_warp 1.24026265 0.00661720 -42.26788315 -0.02569011 1.18123457 -20.08073486 0.00035087 0.00002789 1.00000000
image_0387 image_0387_warp 1.00663423 0.35521509 -48.83805580 -0.10883927 1.20384561 20.63847141 -0.00029742 0.00067253 1.00000000
image_0388 image_0388_warp 1.03973496 0.08443570 -62.04963766 0.00862260 1.07025009 3.39980943 0.00004491 -0.00001779 1.00000000
image_0389 image_0389_warp 1.21567615 -0.08442961 4.03065542 0.09152428 1.00718155 -36.78710801 0.00019737 0.00005405 1.00000000
image_0390 image_0390_warp 0.56784898 -0.19865362 56.39120612 -0.10521362 0.55606533 51.85713512 -0.00047784 -0.00056697 1.00000000
image_0391 image_0391_warp 0.87733758 0.16272963 -61.67229719 -0.09000656 0.87454952 28.71473597 -0.00031926 0.00001289 1.00000000
image_0392 image_0392_warp 0.66395889 -0.22356062 83.97813232 -0.05386549 0.65632398 45.84600210 -0.00029323 -0.00045559 1.00000000
image_0393 image_0393_warp 1.21514819 0.27169902 -61.07445352 -0.08019620 1.14784282 33.75536668 0.00020846 0.00019018 1.00000000
image_0394 image_0394_warp 0.77829703 0.39874982 -57.45231526 -0.16148493 1.30170820 32.07888317 -0.00062106 0.00101405 1.00000000
image_0395 image_0395_warp 0.97519291 0.04641068 -0.28942770 -0.05178744 0.92543603 13.90975457 -0.00004903 -0.00010180 1.00000000
image_0396 image_0396_warp 0.87763913 -0.12984109 13.72094255 -0.02632058 0.86378424 -15.46662720 0.00003775 -0.00045366 1.00000000
image_0397 image_0397_warp 1.30669033 0.06302809 -5.89962841 0.17262216 1.45932226 -66.99941040 0.00041410 0.00041303 1.00000000
image_0398 image_0398_warp 0.63277830 0.16160783 24.55355686 -0.15033693 0.86948317 50.41001382 -0.00041921 0.00022165 1.00000000
image_0399 image_0399_warp 0.90474882 -0.24705330 73.26546648 -0.01690720 0.81540631 -25.12962069 0.00007664 -0.00060800 1.00000000
image_0400 image_0400_warp 0.74150631 -0.21281164 55.34327271 -0.10847926 0.65489506 50.15737122 -0.00018795 -0.00079146 1.00000000
image_0401 image_0401_warp 1.08100375 0.10480024 -27.07558994 0.15787119 0.94000932 -42.42530499 0.00033764 -0.00044726 1.00000000
image_0402 image_0402_warp 1.53040707 0.25314009 -85.30874612 0.04769286 1.44748184 -55.16725157 0.00054171 0.00054233 1.00000000
image_0403 image_0403_warp 1.14687003 0.18050126 -56.22876931 -0.04633427 1.35591405 -16.11518198 -0.00017329 0.00062652 1.00000000
image_0404 image_0404_warp 0.84926051 -0.14974551 58.17843954 -0.06128190 1.02800214 3.62089048 -0.00006113 -0.00003876 1.00000000
image_0405 image_0405_warp 0.75518655 -0.17701333 54.64326719 -0.06892958 0.74950497 36.06484633 -0.00030074 -0.00046328 1.00000000
image_0406 image_0406_warp 1.05430461 0.02577312 -3.31459633 -0.03936462 1.07967993 -10.14664151 -0.00004920 -0.00000344 1.00000000
image_0407 image_0407_warp 1.49559095 -0.30903337 6.16088409 0.10811004 1.12797208 -38.93667484 0.00075843 -0.00031974 1.00000000
image_0408 image_0408_warp 1.12899147 -0.16167421 44.61693311 0.09253699 0.95043367 -35.04143638 0.00033252 -0.00025939 1.00000000
image_0409 image_0409_warp 0.95502846 0.06486838 39.89555346 0.05334955 1.14221187 -30.32442057 0.00003375 0.00028812 1.00000000
image_0410 image_0410_warp 1.54407495 0.19931012 -90.08333817 0.16216659 1.18023030 -28.24478535 0.00065491 0.00024096 1.00000000
image_0411 image_0411_warp 0.92327057 -0.14191159 66.68839803 -0.00500245 1.08985220 -26.13720395 0.00000361 -0.00006697 1.00000000
image_0412 image_0412_warp 1.10575024 0.14893942 -10.77863095 -0.01911503 1.14227622 -16.03860260 0.00008628 0.00030712 1.00000000
image_0413 image_0413_warp 1.33647662 0.02243520 -84.12115902 0.23257329 1.13277699 -79.53282543 0.00048891 0.00000976 1.00000000
image_0414 image_0414_warp 1.24958242 0.21581754 -75.18391752 0.11125082 1.40240221 -29.58475698 0.00031889 0.00039238 1.00000000
image_0415 image_0415_warp 1.28168988 -0.09688323 1.72332937 0.20922149 1.31012721 -78.01808423 0.00029231 0.00027116 1.00000000
image_0416 image_0416_warp 0.82737125 0.31030607 -53.65853057 -0.10561985 1.17244307 21.40563744 -0.00051825 0.00063400 1.00000000
image_0417 image_0417_warp 0.93621170 0.11810896 6.62082514 -0.01605183 1.03318760 -20.85154910 -0.00007475 -0.00003870 1.00000000
image_0418 image_0418_warp 1.05739797 -0.21373229 29.05573931 -0.02108190 0.99372389 -27.74071519 0.00013816 -0.00028277 1.00000000
image_0419 image_0419_warp 1.00100713 -0.13691509 34.89300368 0.09357623 0.89267247 -48.31407196 0.00034624 -0.00043517 1.00000000
image_0420 image_0420_warp 1.02797726 -0.06859555 -3.03380134 -0.00703414 0.92143165 14.51109114 -0.00006812 0.00006502 1.00000000
image_0421 image_0421_warp 0.61359638 0.10670849 29.11767737 -0.11470660 0.81781126 47.00992668 -0.00059423 0.00013717 1.00000000
image_0422 image_0422_warp 1.00174503 -0.04910794 -15.44249376 0.12379860 1.05566682 -40.41115571 0.00000688 0.00014452 1.00000000
image_0423 image_0423_warp 0.93624039 -0.02097351 -46.87738126 -0.06313120 0.87424368 7.46386255 -0.00008991 -0.00020422 1.00000000
image_0424 image_0424_warp 1.10164944 0.06036285 -49.20167601 0.18507292 0.90445360 -53.56692038 0.00012664 -0.00023459 1.00000000
image_0425 image_0425_warp 0.88894069 0.03547410 1.82912877 -0.12607047 0.88187756 59.77498372 -0.00002202 -0.00011032 1.00000000
image_0426 image_0426_warp 0.81439535 -0.05120793 7.44124517 -0.00099314 0.88223221 -38.71619718 -0.00027382 -0.00026186 1.00000000
image_0427 image_0427_warp 0.75764981 0.12705167 -35.96715279 -0.09700295 0.89815100 39.19549373 -0.00048014 0.00024301 1.00000000
image_0428 image_0428_warp 1.25306267 -0.02370152 24.91053922 0.00296471 1.11281628 33.16372884 0.00039422 0.00011014 1.00000000
image_0429 image_0429_warp 0.71822644 -0.20398379 80.02229857 -0.01351189 0.70576836 23.71070240 -0.00025111 -0.00030438 1.00000000
image_0430 image_0430_warp 0.59510999 -0.15037531 84.08836964 -0.02616142 0.72098972 18.76096593 -0.00028926 -0.00038513 1.00000000
image_0431 image_0431_warp 1.24921530 0.06205065 -36.21751258 0.09832917 1.04905406 5.65225937 0.00032262 -0.00011284 1.00000000
image_0432 image_0432_warp 0.94481573 -0.06177624 12.86680242 -0.03052736 0.73112571 51.28144731 0.00006470 -0.00050089 1.00000000
image_0433 image_0433_warp 1.22028396 0.09141595 -31.24578496 -0.08702155 1.26193623 38.28068740 0.00023577 0.00051925 1.00000000
image_0434 image_0434_warp 1.05796885 0.33340252 -71.94785042 0.12647176 1.13029829 -41.58288884 0.00007019 0.00022467 1.00000000
image_0435 image_0435_warp 0.97284879 0.27728294 -59.05653734 -0.04908950 0.93825934 48.10650279 -0.00016524 0.00039113 1.00000000
image_0436 image_0436_warp 1.15507381 0.09386762 8.83137470 -0.09187923 1.40252671 -6.86627244 0.00017906 0.00093634 1.00000000
image_0437 image_0437_warp 1.08797030 0.06854373 -13.44762871 0.02674474 1.13854799 -23.57204738 0.00022693 0.00011868 1.00000000
image_0438 image_0438_warp 1.40030466 0.12768432 -32.80572106 -0.00125661 1.26242812 25.67544801 0.00070833 0.00051213 1.00000000
image_0439 image_0439_warp 0.81442801 -0.02470563 52.63182853 0.00047592 0.90633330 9.71589266 0.00004293 -0.00023786 1.00000000
image_0440 image_0440_warp 0.92213458 -0.01980909 -22.54907391 -0.11469112 0.90925283 44.97407668 -0.00016109 -0.00012645 1.00000000
image_0441 image_0441_warp 1.55155774 0.09846732 -58.50641844 0.05923111 1.28593347 11.62605936 0.00076149 0.00034984 1.00000000
image_0442 image_0442_warp 1.04342828 -0.01243083 21.56964184 -0.04499139 1.17902745 -46.51474553 0.00041645 0.00001441 1.00000000
image_0443 image_0443_warp 0.83927269 -0.02471293 9.99588603 -0.16758324 1.04011124 1.19757893 -0.00032304 -0.00000518 1.00000000
image_0444 image_0444_warp 0.88698487 -0.21534697 58.16135286 -0.00024614 0.68965787 48.91216510 0.00001124 -0.00054862 1.00000000
image_0445 image_0445_warp 0.92535613 0.05792988 -21.18536575 -0.07050010 1.02974010 -6.96910503 -0.00015890 0.00014181 1.00000000
image_0446 image_0446_warp 1.02855416 -0.03566226 8.05689245 0.04934844 0.99978572 -17.99179950 0.00005788 -0.00003616 1.00000000
image_0447 image_0447_warp 1.09788625 -0.16309983 58.60082790 0.05133593 1.00370596 6.40805455 0.00027366 -0.00006096 1.00000000
image_0448 image_0448_warp 1.18921157 0.37702340 -78.31308027 -0.05066716 1.44214852 6.21218910 -0.00007754 0.00110260 1.00000000
image_0449 image_0449_warp 1.01306967 0.14146025 2.94071241 -0.09577324 1.22916345 5.44391675 -0.00015465 0.00048133 1.00000000
image_0450 image_0450_warp 1.05647908 0.07118597 14.99511220 0.01466078 1.20472706 -5.52794400 0.00028625 0.00026518 1.00000000
image_0451 image_0451_warp 0.75430006 0.36794847 -39.63104605 -0.10401453 1.06924887 16.50749846 -0.00063981 0.00067476 1.00000000
image_0452 image_0452_warp 1.04607776 0.05909439 -15.34807028 -0.00986318 1.07542214 28.50214491 0.00019644 0.00002028 1.00000000
image_0453 image_0453_warp 0.69392483 -0.00110980 31.91605003 -0.00094504 0.97600497 -32.08068089 -0.00038361 -0.00002830 1.00000000
image_0454 image_0454_warp 0.98972513 -0.10286640 32.82727357 0.18772582 0.88758714 -62.16582897 0.00025397 -0.00040332 1.00000000
image_0455 image_0455_warp 0.97637632 -0.00006931 29.44462065 0.00292965 1.19551160 -44.69874296 -0.00009317 0.00032724 1.00000000
image_0456 image_0456_warp 0.91070334 0.17075220 15.04020301 -0.05829002 1.26511837 -15.62472067 -0.00014210 0.00034513 1.00000000
image_0457 image_0457_warp 0.75155040 0.00861326 -33.96774346 -0.13919111 0.67644449 59.89337653 -0.00045111 -0.00020355 1.00000000
image_0458 image_0458_warp 0.98049254 0.04825038 -42.05343226 -0.06531740 1.04631697 32.25275231 -0.00009193 0.00020692 1.00000000
image_0459 image_0459_warp 0.90790986 -0.02567191 17.85026276 -0.04041140 0.85787726 37.96898014 0.00004289 -0.00035765 1.00000000
image_0460 image_0460_warp 1.12968365 -0.11200267 6.38796021 0.05044171 1.04594147 -26.43251103 0.00028538 -0.00018577 1.00000000
image_0461 image_0461_warp 1.05628532 -0.12864435 8.12327166 -0.06186993 1.17186375 22.55996447 -0.00005310 0.00024424 1.00000000
image_0462 image_0462_warp 1.32660038 -0.14654945 21.73896860 0.12568279 1.22192212 -13.45474978 0.00041894 0.00019071 1.00000000
image_0463 image_0463_warp 1.09588761 0.16424241 -49.36933059 -0.05753025 1.05408847 15.03733957 -0.00017021 0.00045045 1.00000000
image_0464 image_0464_warp 0.85210669 0.05624776 -0.40138428 -0.12624087 0.94855278 40.68294533 -0.00038304 0.00010774 1.00000000
image_0465 image_0465_warp 1.05125489 -0.06461696 63.97630268 0.17354705 1.02620612 -46.26032907 0.00021845 0.00006338 1.00000000
image_0466 image_0466_warp 1.14796959 0.16966501 -2.33566728 0.07016362 1.46758070 -61.24018492 0.00006411 0.00082616 1.00000000
image_0467 image_0467_warp 1.05244391 -0.17189184 10.54160876 0.05739828 0.92468125 -19.02494576 0.00024493 -0.00034631 1.00000000
image_0468 image_0468_warp 1.05544626 0.15507644 -37.15503702 -0.14066218 1.39157007 -33.10587204 -0.00021983 0.00040418 1.00000000
image_0469 image_0469_warp 1.53491109 0.24475047 -75.72090772 0.15652653 1.79636462 -55.35897436 0.00093259 0.00091059 1.00000000
image_0470 image_0470_warp 1.28634410 0.01628270 -28.17765295 0.34176442 1.24816742 -89.59384741 0.00079745 0.00003983 1.00000000
image_0471 image_0471_warp 1.08895388 0.12157413 -39.57367190 0.01236481 1.14031982 -27.03253083 0.00008964 0.00014616 1.00000000
image_0472 image_0472_warp 0.99739321 0.32981190 -59.84384330 -0.04270399 1.23774804 23.71731097 -0.00029690 0.00094019 1.00000000
image_0473 image_0473_warp 1.04351125 0.12077778 15.76163236 -0.00401950 1.36771453 -46.05997005 -0.00002879 0.00091910 1.00000000
image_0474 image_0474_warp 1.35629090 0.05179711 6.72766855 0.05061919 1.32115132 -54.92054195 0.00065673 0.00019958 1.00000000
image_0475 image_0475_warp 0.73691807 -0.11491204 56.36516242 0.02650313 0.61876790 52.25645270 -0.00012766 -0.00042040 1.00000000
image_0476 image_0476_warp 0.85868435 -0.04989630 28.88315833 0.02255227 0.87107566 -9.37585819 -0.00024338 -0.00011391 1.00000000
image_0477 image_0477_warp 1.13043062 -0.01024441 -39.26354025 -0.08761029 0.96947954 48.62987077 0.00009539 0.00003556 1.00000000
image_0478 image_0478_warp 0.97681691 -0.03547698 -40.71201022 0.03768861 0.80614706 -9.76337531 -0.00002490 -0.00045857 1.00000000
image_0479 image_0479_warp 0.96588971 0.22886240 -34.89327492 -0.03577125 1.28014978 -14.21095219 -0.00016046 0.00054017 1.00000000
image_0480 image_0480_warp 1.01520203 0.10489728 -26.58971442 -0.01684053 1.13310968 17.99871942 0.00004313 0.00033501 1.00000000
image_0481 image_0481_warp 1.36456611 0.06971486 -21.39161194 0.04976654 1.29340555 19.05505224 0.00041094 0.00061304 1.00000000
image_0482 image_0482_warp 1.31635169 0.36562997 -100.58174869 0.14050820 1.58661389 -64.38068137 0.00025035 0.00091049 1.00000000
image_0483 image_0483_warp 1.29802899 0.10104366 -74.72455154 0.10036308 1.24831937 -28.20320206 0.00026095 0.00019218 1.00000000
image_0484 image_0484_warp 0.79920348 -0.03562212 37.86714152 -0.12555093 0.94876146 47.12931924 -0.00020134 -0.00001415 1.00000000
image_0485 image_0485_warp 0.73706208 -0.00362075 49.53454252 0.01675665 1.00136237 -12.80622597 -0.00033862 0.00027850 1.00000000
image_0486 image_0486_warp 1.45524474 0.20853996 -51.13934218 0.06329713 1.46640202 -59.49412788 0.00052174 0.00054055 1.00000000
image_0487 image_0487_warp 1.39434297 0.24752328 -78.67194297 0.12124167 1.38818040 -62.77396946 0.00040275 0.00028378 1.00000000
image_0488 image_0488_warp 0.94668058 -0.08106540 38.39186985 0.06668859 1.08449507 -24.27555946 -0.00010948 0.00023395 1.00000000
image_0489 image_0489_warp 1.28276839 0.02159838 -49.49777656 0.09508970 1.03666434 -42.19331434 0.00030763 -0.00018668 1.00000000
image_0490 image_0490_warp 1.01382317 0.06508050 -60.92591080 -0.03300858 0.97503117 16.92200472 -0.00024590 0.00023485 1.00000000
image_0491 image_0491_warp 0.77862866 -0.00042997 -21.23785142 -0.10925672 0.75783122 52.41894598 -0.00030144 -0.00029375 1.00000000
image_0492 image_0492_warp 0.88332436 -0.05689102 -8.11463294 -0.14169260 1.04787748 44.08935045 -0.00038411 0.00020537 1.00000000
image_0493 image_0493_warp 1.35434634 0.41757893 -84.76472080 0.03437962 1.42703208 13.07485487 0.00010058 0.00128055 1.00000000
image_0494 image_0494_warp 1.00273217 -0.20358948 51.22426337 0.00953785 0.78709297 25.73507451 -0.00002270 -0.00025695 1.00000000
image_0495 image_0495_warp 1.43527174 -0.03880447 28.74743460 0.24736570 1.20044715 -11.32320973 0.00097669 0.00013149 1.00000000
image_0496 image_0496_warp 0.96462187 0.14315819 -31.77016966 -0.12764746 1.30730244 -1.85125649 -0.00046867 0.00060024 1.00000000
image_0497 image_0497_warp 1.23310550 0.13907684 -40.44595156 0.18540914 1.28106622 -53.91124102 0.00010381 0.00030672 1.00000000
image_0498 image_0498_warp 1.44928121 0.17671301 -97.01725843 0.05545025 1.41609205 -48.40533104 0.00024531 0.00059368 1.00000000
image_0499 image_0499_warp 1.08600671 -0.03061180 2.24154078 0.02829421 1.04206874 35.22280591 0.00026118 0.00006022 1.00000000
image_0500 image_0500_warp 1.20890372 0.22019792 -36.37382285 0.03531361 1.11890103 -37.67335187 0.00008877 0.00035574 1.00000000
image_0501 image_0501_warp 0.84876991 -0.14829176 34.63442134 -0.04910535 0.85886812 18.51142873 -0.00021779 -0.00022082 1.00000000
image_0502 image_0502_warp 0.93003601 -0.19817461 50.12728938 0.01297869 0.98736230 -16.65362247 -0.00011701 -0.00011268 1.00000000
image_0503 image_0503_warp 0.85360935 0.04023353 -28.70001159 -0.13982072 0.97981113 43.81569100 -0.00041623 0.00024491 1.00000000
image_0504 image_0504_warp 1.24858227 -0.03918436 51.21408533 0.10952785 1.19229947 -50.05288947 0.00052752 0.00024824 1.00000000
image_0505 image_0505_warp 1.00161685 -0.10996703 35.73353871 0.05700169 0.84337849 -12.47441869 0.00027087 -0.00069099 1.00000000
image_0506 image_0506_warp 1.19835329 0.26217552 6.10804358 0.12593251 1.53449653 -57.61813926 0.00014278 0.00135359 1.00000000
image_0507 image_0507_warp 0.78542184 -0.18296536 70.66726455 0.04823762 0.91157379 -34.71523653 -0.00007661 -0.00034025 1.00000000
image_0508 image_0508_warp 0.81240855 -0.23427949 50.59282416 -0.01416784 0.85263746 -15.85536651 -0.00026896 -0.00018921 1.00000000
image_0509 image_0509_warp 1.15585518 -0.07686102 -31.98928497 -0.00905773 0.97252903 21.21642790 0.00009098 0.00012073 1.00000000
image_0510 image_0510_warp 0.74144733 -0.08134625 24.19388324 -0.24384508 0.75876423 69.86087530 -0.00025426 -0.00028528 1.00000000
image_0511 image_0511_warp 0.97075249 0.09201235 -1.10854681 0.05548899 1.15805647 -58.64518433 -0.00019566 0.00019491 1.00000000
image_0512 image_0512_warp 0.76647346 -0.02506402 46.49423489 -0.11887605 0.65976341 73.10041218 -0.00011167 -0.00030681 1.00000000
image_0513 image_0513_warp 0.88869088 -0.32150548 71.97326757 -0.06991474 0.88863549 15.50622069 -0.00010063 -0.00034245 1.00000000
image_0514 image_0514_warp 1.28133472 -0.06558896 -31.02477510 0.02729324 0.93824951 23.02360998 0.00019983 0.00008230 1.00000000
image_0515 image_0515_warp 0.69331450 0.04851286 -5.64009768 -0.14188271 0.73923659 58.73999803 -0.00046910 -0.00019570 1.00000000
image_0516 image_0516_warp 1.14711628 0.11901811 -22.62295481 0.11399060 1.03991294 -22.33680845 0.00024730 0.00026755 1.00000000
image_0517 image_0517_warp 0.98505301 -0.32141803 48.92149134 0.13000089 0.72857863 -24.05414713 0.00028886 -0.00104614 1.00000000
image_0518 image_0518_warp 0.79523146 -0.29060324 74.32985610 -0.04385361 0.80782427 28.46993018 -0.00019344 -0.00030715 1.00000000
image_0519 image_0519_warp 0.75387075 -0.04875892 4.16990306 -0.17176297 0.66073272 83.39084112 -0.00047175 -0.00017508 1.00000000
image_0520 image_0520_warp 0.73368978 -0.01680538 51.25910820 -0.05761470 0.85951665 63.19612430 -0.00033378 -0.00000927 1.00000000
image_0521 image_0521_warp 0.79926557 -0.09983137 76.40024266 0.02902221 0.75340969 -0.41182073 -0.00002318 -0.00045080 1.00000000
image_0522 image_0522_warp 0.76010480 0.11385295 26.18326744 -0.05458733 1.09146887 -9.11813438 -0.00016131 -0.00004211 1.00000000
image_0523 image_0523_warp 0.88480915 0.07547650 0.07924384 -0.02911704 0.98655069 -6.87340805 -0.00005789 -0.00026927 1.00000000
image_0524 image_0524_warp 0.81196909 -0.08594555 3.19390175 -0.13431532 0.90858487 40.94572457 -0.00039469 0.00005879 1.00000000
image_0525 image_0525_warp 0.83543856 -0.07716751 40.92352477 -0.10629866 0.76642484 6.71899428 0.00013141 -0.00053173 1.00000000
image_0526 image_0526_warp 0.74550909 -0.08038734 51.37356758 -0.04332793 0.72730776 12.27392776 -0.00028286 -0.00027244 1.00000000
image_0527 image_0527_warp 1.38332277 0.00774002 39.90312647 0.21010485 1.33626435 -66.34891670 0.00090576 0.00009765 1.00000000
image_0528 image_0528_warp 1.29192901 0.06867200 -78.22181494 -0.06116142 1.29955827 -20.55735860 0.00006673 0.00044611 1.00000000
image_0529 image_0529_warp 0.81963597 0.05538967 39.15097535 0.02811689 0.87641122 10.82037385 -0.00002657 -0.00026183 1.00000000
image_0530 image_0530_warp 1.16569864 0.44269135 -93.26645399 -0.14038292 1.46289927 33.58802734 -0.00020028 0.00121993 1.00000000
image_0531 image_0531_warp 0.97642486 -0.05942226 37.49341259 -0.03304514 1.01088875 2.40711280 0.00025807 -0.00025707 1.00000000
image_0532 image_0532_warp 0.69438522 -0.17331916 15.69438475 -0.10155800 0.81986096 36.30869167 -0.00036980 -0.00030163 1.00000000
image_0533 image_0533_warp 1.36169616 -0.16449425 20.25299049 0.08033784 1.28984102 -36.98030731 0.00048667 0.00022408 1.00000000
image_0534 image_0534_warp 0.66872878 -0.07992026 81.44490861 -0.05187941 0.60119827 66.74260403 -0.00014598 -0.00050660 1.00000000
image_0535 image_0535_warp 0.98451165 -0.22530679 25.67500648 -0.02805614 0.83450873 -9.18718251 -0.00012338 -0.00027000 1.00000000
image_0536 image_0536_warp 0.99530737 0.06151532 21.77358832 0.00223893 0.76513047 51.44067690 0.00008681 -0.00015952 1.00000000
image_0537 image_0537_warp 1.06305444 0.14244860 -30.45191036 -0.00530201 1.13945372 0.64963146 -0.00006734 0.00017644 1.00000000
image_0538 image_0538_warp 0.95355698 0.21423740 -16.84828649 -0.15646613 1.03667820 47.51995141 -0.00031610 0.00039818 1.00000000
image_0539 image_0539_warp 0.88430053 -0.20867898 27.31239307 -0.05514797 0.99074126 0.82574769 -0.00011072 -0.00022478 1.00000000
image_0540 image_0540_warp 1.24160425 0.00922932 -4.00016890 0.01907829 1.06940810 0.08561017 0.00024233 0.00015008 1.00000000
image_0541 image_0541_warp 0.97422543 0.04877665 -61.33458259 0.04388999 0.96107846 4.17640445 -0.00018787 0.00024647 1.00000000
image_0542 image_0542_warp 0.84464713 -0.20125848 77.11080145 -0.03934259 1.02555787 4.69328508 -0.00018633 -0.00000985 1.00000000
image_0543 image_0543_warp 0.73925296 -0.01805420 32.03309539 -0.02253439 0.92178846 -33.83413523 -0.00023553 -0.00021607 1.00000000
image_0544 image_0544_warp 0.85350075 -0.00855114 32.23984671 -0.10525942 1.02888136 -7.73068624 -0.00019420 -0.00011853 1.00000000
image_0545 image_0545_warp 1.30741798 0.06264660 -86.52222629 0.04659127 1.27373012 10.30631170 0.00028472 0.00039839 1.00000000
image_0546 image_0546_warp 0.98628220 -0.12460224 11.40208085 -0.06905557 1.05210046 0.18898761 0.00008374 -0.00012958 1.00000000
image_0547 image_0547_warp 1.33411229 0.25734833 -65.76074697 0.06626605 1.43852663 -42.54507368 0.00035745 0.00057416 1.00000000
image_0548 image_0548_warp 1.24072938 -0.23066704 6.11197699 0.10156302 1.04625029 -29.29328510 0.00047680 -0.00040759 1.00000000
image_0549 image_0549_warp 1.12701032 -0.25501377 49.81203727 0.13327159 0.99302796 -33.36073796 0.00030149 -0.00036216 1.00000000
image_0550 image_0550_warp 0.80083230 -0.11758139 75.14026839 0.08588651 0.88865788 -42.60212153 0.00005244 -0.00045569 1.00000000
image_0551 image_0551_warp 0.97857978 -0.02988636 -17.02479668 -0.04046545 0.95378595 15.78667238 -0.00009994 -0.00002404 1.00000000
image_0552 image_0552_warp 0.87145170 -0.20093436 28.61429432 0.02038264 0.84123753 -7.74361712 -0.00013651 -0.00037539 1.00000000
image_0553 image_0553_warp 0.81618056 -0.27084756 57.84488497 -0.07889988 0.82167541 12.78836489 -0.00020011 -0.00051864 1.00000000
image_0554 image_0554_warp 0.91816640 0.12736654 -31.43766583 -0.13665657 1.01413131 37.35826573 -0.00028203 0.00023490 1.00000000
image_0555 image_0555_warp 1.28920545 -0.05214693 4.32444163 0.13843881 1.37218514 -74.06582087 0.00064653 0.00020864 1.00000000
image_0556 image_0556_warp 1.30229618 0.00395849 -42.27106374 -0.13308706 1.19674074 -11.41404177 0.00044135 0.00008810 1.00000000
image_0557 image_0557_warp 1.23202961 -0.07005612 2.33714360 -0.12300307 1.15672841 30.28831230 0.00043141 0.00012264 1.00000000
image_0558 image_0558_warp 1.38538536 -0.01271758 -46.79746596 0.33311618 1.17623291 -75.28469628 0.00051193 -0.00007736 1.00000000
image_0559 image_0559_warp 1.25256205 0.02773722 -41.89171445 0.15443813 1.10849080 -54.68285505 0.00051465 -0.00021095 1.00000000
image_0560 image_0560_warp 1.41749787 -0.33144332 43.94450802 0.08249435 1.04579642 7.40054215 0.00056673 0.00000305 1.00000000
image_0561 image_0561_warp 0.93959527 -0.02473185 29.73145622 -0.04158344 1.03419510 -6.12815578 0.00012262 -0.00024876 1.00000000
image_0562 image_0562_warp 0.61493281 0.04576553 28.20364704 -0.11856567 0.94217475 38.62783868 -0.00049291 0.00016449 1.00000000
image_0563 image_0563_warp 1.21142157 0.20521294 -80.89885491 0.08917639 1.45254628 -60.02336347 0.00019844 0.00044040 1.00000000
image_0564 image_0564_warp 0.98154405 0.02551295 11.86208459 -0.11537361 1.15088536 23.88362115 -0.00006685 0.00032994 1.00000000
image_0565 image_0565_warp 1.09889974 0.24708053 -55.88438484 0.01009605 1.01649209 -14.75417859 -0.00005747 0.00025111 1.00000000
image_0566 image_0566_warp 0.95532050 -0.02873360 45.86997457 0.00326866 0.95292866 1.17255527 -0.00010442 0.00013829 1.00000000
image_0567 image_0567_warp 1.59665707 0.30432046 -72.85893608 0.15420429 1.37516115 -47.15757357 0.00088221 0.00041341 1.00000000
image_0568 image_0568_warp 0.95534680 -0.01272586 28.24698914 0.05793062 0.96823822 -33.43187656 0.00011554 -0.00036179 1.00000000
image_0569 image_0569_warp 0.87508405 -0.05942540 -16.80908858 0.04641912 0.90364391 -40.69278299 -0.00009677 -0.00038440 1.00000000
image_0570 image_0570_warp 0.85186372 0.18719907 13.12066662 -0.03877230 1.28972458 -17.86659344 -0.00031971 0.00067810 1.00000000
image_0571 image_0571_warp 1.03901556 -0.44073171 68.92073022 0.05532615 0.78471606 8.94519793 0.00040783 -0.00093164 1.00000000
image_0572 image_0572_warp 0.89710317 -0.30754092 56.66559067 -0.03645327 0.82925463 6.51317986 -0.00011932 -0.00041224 1.00000000
image_0573 image_0573_warp 0.98495263 -0.14080677 22.91659116 -0.01136720 0.78170245 19.04009785 -0.00007866 -0.00028260 1.00000000
image_0574 image_0574_warp 0.97493218 -0.16552672 -0.56580308 -0.01116250 0.91279096 11.66873712 0.00007302 -0.00038423 1.00000000
image_0575 image_0575_warp 0.82180417 -0.05349461 50.77996897 0.15651308 0.80528581 -45.03339725 -0.00000736 -0.00037026 1.00000000
image_0576 image_0576_warp 0.89779948 -0.15773430 62.00302774 -0.12853515 0.91355585 41.19485371 -0.00003304 -0.00010963 1.00000000
image_0577 image_0577_warp 0.72972335 0.07545838 -25.52754184 -0.19957879 0.82561230 55.70215391 -0.00075585 0.00004171 1.00000000
image_0578 image_0578_warp 1.19716229 -0.03155978 4.26905989 0.30856468 1.00969626 -61.65291987 0.00038945 -0.00019885 1.00000000
image_0579 image_0579_warp 0.83114369 -0.00031745 62.24449648 -0.07479325 0.81161092 64.95776997 -0.00022920 0.00002817 1.00000000
image_0580 image_0580_warp 1.23133942 0.17083914 -38.88253302 0.10012044 1.12899833 -42.60654880 0.00025974 0.00011467 1.00000000
image_0581 image_0581_warp 0.76405051 0.04311964 -0.44503736 -0.14196749 0.72447489 71.90250915 -0.00035313 -0.00008769 1.00000000
image_0582 image_0582_warp 0.92460206 -0.20142671 70.69905459 0.12319035 0.90751284 -36.80567060 0.00017127 -0.00040323 1.00000000
image_0583 image_0583_warp 0.84655623 -0.04556694 43.93926411 0.02506006 0.93440551 -25.59370666 -0.00005502 -0.00016067 1.00000000
image_0584 image_0584_warp 1.31609558 -0.26803688 52.96645547 -0.00663891 1.16836150 20.20560393 0.00044738 0.00019245 1.00000000
image_0585 image_0585_warp 1.18358563 0.18773991 -63.16521971 -0.07454848 1.23617029 -3.40948792 0.00008127 0.00049373 1.00000000
image_0586 image_0586_warp 1.10634115 -0.28873624 64.20081901 0.11442177 0.99014378 -29.90158965 0.00026539 -0.00015356 1.00000000
image_0587 image_0587_warp 1.21822829 0.09204606 -35.98196218 0.10129193 1.10645430 -42.64925446 0.00043065 -0.00004563 1.00000000
image_0588 image_0588_warp 1.04071067 0.27734598 -46.71610615 -0.00024532 1.05021100 -8.89314641 -0.00004327 0.00021455 1.00000000
image_0589 image_0589_warp 1.10723268 0.10609744 7.15665270 0.08979123 1.20280689 -48.34101152 0.00006274 0.00017428 1.00000000
image_0590 image_0590_warp 0.79334787 0.12373013 37.60390416 -0.02203977 1.06987721 -15.11549871 -0.00015376 0.00037242 1.00000000
image_0591 image_0591_warp 0.96832098 -0.15053583 50.89352044 0.00539274 0.98163841 -26.11039341 -0.00007787 -0.00020497 1.00000000
image_0592 image_0592_warp 1.34142362 0.03990339 -49.85616559 0.12551189 1.08752749 -4.01568896 0.00050020 -0.00007561 1.00000000
image_0593 image_0593_warp 0.88780119 0.03503870 23.16839755 0.08348703 0.96733461 -24.21487747 -0.00006827 -0.00001922 1.00000000
image_0594 image_0594_warp 0.64804075 -0.03758046 79.39172230 -0.04245581 0.80522018 4.48639876 -0.00022076 -0.00032022 1.00000000
image_0595 image_0595_warp 1.29618236 -0.02018424 -28.95539133 0.23929527 0.98154272 -25.80771087 0.00027074 0.00001951 1.00000000
image_0596 image_0596_warp 1.07434864 -0.06318754 -11.08480409 -0.16614927 1.09109718 14.34547311 -0.00008930 0.00003252 1.00000000
image_0597 image_0597_warp 1.37105639 0.12404676 -24.74405574 0.20315761 1.51383871 -101.65433900 0.00084625 0.00046427 1.00000000
image_0598 image_0598_warp 1.17478766 -0.00058379 -15.74106050 0.15784104 1.03519966 -31.44674192 0.00044607 -0.00012059 1.00000000
image_0599 image_0599_warp 1.59431781 0.09241340 -34.84958499 0.39854642 1.39760958 -98.27802169 0.00112429 0.00016467 1.00000000
image_0600 image_0600_warp 0.89463209 -0.05067286 41.71695123 0.01159335 1.06921880 -63.33575312 0.00023490 -0.00018854 1.00000000
image_0601 image_0601_warp 1.40351585 0.10738183 -58.48343525 0.14770609 1.33636906 -78.08314306 0.00052691 0.00018474 1.00000000
image_0602 image_0602_warp 0.71159609 -0.05338185 34.24256864 -0.05083751 0.74645584 -5.24964684 -0.00033545 -0.00037626 1.00000000
image_0603 image_0603_warp 1.05200389 0.19524283 -37.59745928 -0.02606184 1.07805308 -33.99292541 0.00018389 -0.00013271 1.00000000
image_0604 image_0604_warp 0.58227972 -0.06344394 53.43328699 -0.14832666 0.72490457 53.06331315 -0.00046285 -0.00029623 1.00000000
image_0605 image_0605_warp 0.73913465 -0.25091223 74.94603252 -0.00812571 0.71803111 30.22183508 -0.00003083 -0.00065330 1.00000000
image_0606 image_0606_warp 1.34928103 0.03329771 -31.94716218 0.11240679 1.24418777 -60.01661558 0.00048164 0.00029625 1.00000000
image_0607 image_0607_warp 1.47704629 0.16282552 -44.24964702 0.23869331 1.24426378 -56.68180652 0.00093425 -0.00003853 1.00000000
image_0608 image_0608_warp 1.11968079 -0.23874365 40.33886012 0.04901756 0.84810437 1.29517563 0.00013142 -0.00019724 1.00000000
image_0609 image_0609_warp 0.80657463 0.17221425 -33.52863334 -0.08889429 0.96158725 41.45596717 -0.00053714 0.00046025 1.00000000
image_0610 image_0610_warp 1.25565441 0.26643265 -54.64227035 0.04735792 1.15301935 25.38208838 0.00027518 0.00041224 1.00000000
image_0611 image_0611_warp 1.03553066 0.08243001 -16.66193599 0.05581627 0.88799875 28.04495231 0.00008695 -0.00009953 1.00000000
image_0612 image_0612_warp 0.98783021 0.13602382 -4.12861121 0.11539715 1.14453546 -39.93884792 -0.00003162 0.00034734 1.00000000
image_0613 image_0613_warp 0.80085922 -0.00664507 -20.83322946 -0.03656203 0.91298750 5.14960393 -0.00029300 -0.00002940 1.00000000
image_0614 image_0614_warp 1.05365612 0.04448395 -42.78974981 -0.03293073 0.96334247 59.64454592 0.00003224 -0.00004158 1.00000000
image_0615 image_0615_warp 0.91229881 -0.01164437 30.06144813 -0.04793806 0.86441267 16.61824984 0.00030762 -0.00035267 1.00000000
image_0616 image_0616_warp 1.18461261 0.19969137 -31.31799323 -0.04905271 1.64561344 -61.02398138 -0.00009045 0.00086123 1.00000000
image_0617 image_0617_warp 1.33970225 0.03322400 -30.21424657 -0.06982033 1.37904718 -10.88788239 0.00046551 0.00055541 1.00000000
image_0618 image_0618_warp 0.92016075 -0.01230031 24.62363659 0.11235909 0.98174753 -52.34160904 0.00025942 -0.00042774 1.00000000
image_0619 image_0619_warp 0.78813358 0.01986988 -9.90855079 0.01054374 1.00752588 -58.32533684 -0.00034063 0.00004086 1.00000000
image_0620 image_0620_warp 1.63781205 0.06710425 -66.17292399 0.32534566 1.49207646 -85.25514783 0.00096134 0.00036530 1.00000000
image_0621 image_0621_warp 1.11901263 0.03425094 21.55485953 0.33064286 1.04859119 -67.94039412 0.00028099 -0.00001056 1.00000000
image_0622 image_0622_warp 1.13840131 -0.04942974 18.02174413 0.37306142 0.95594313 -74.46704620 0.00067008 -0.00033892 1.00000000
image_0623 image_0623_warp 1.33088405 0.17360545 -40.50501534 0.10368204 1.13871278 -20.99759786 0.00024497 0.00039074 1.00000000
image_0624 image_0624_warp 1.09856728 0.25343388 -15.70117654 0.06121086 1.38670215 -5.66130685 0.00009111 0.00072535 1.00000000
image_0625 image_0625_warp 1.36791155 0.33882489 -71.35273007 0.02635740 1.38916886 -59.40569482 0.00034772 0.00058983 1.00000000
image_0626 image_0626_warp 1.17267825 0.00427771 -57.98121015 -0.02572080 1.19407018 2.07113027 0.00005718 0.00022972 1.00000000
image_0627 image_0627_warp 0.78466763 0.13892970 -51.83292725 -0.08405042 0.86846327 43.92211302 -0.00052296 0.00019903 1.00000000
image_0628 image_0628_warp 0.96452370 0.14733660 -25.33250074 -0.00937302 0.97101360 34.21688491 -0.00009552 0.00004535 1.00000000
image_0629 image_0629_warp 1.11050072 0.32932900 -62.79521795 0.07910697 1.35668658 -48.54652086 0.00020457 0.00034047 1.00000000
image_0630 image_0630_warp 0.84425648 0.29841475 -27.92899103 -0.01325955 1.22804747 -20.65735722 -0.00037990 0.00082061 1.00000000
image_0631 image_0631_warp 1.24936519 0.10182198 -43.26469143 -0.05119040 1.27292247 8.43424211 0.00008587 0.00057054 1.00000000
image_0632 image_0632_warp 1.07712392 -0.03845629 -48.52700224 -0.08699354 1.07480456 16.58763575 -0.00016907 0.00005446 1.00000000
image_0633 image_0633_warp 0.71762997 -0.13845416 79.97101019 -0.06565232 0.74057648 27.08474223 -0.00012669 -0.00063474 1.00000000
image_0634 image_0634_warp 1.43916033 0.31477160 -94.29154262 0.04961083 1.49065597 -44.51132710 0.00024193 0.00076415 1.00000000
image_0635 image_0635_warp 1.10174533 0.20488836 -52.46363451 0.01081698 1.33045493 -24.04689964 0.00004869 0.00065960 1.00000000
image_0636 image_0636_warp 1.04875267 -0.00985616 -13.85623861 -0.05406262 0.87553507 46.23465272 -0.00012819 -0.00007081 1.00000000
image_0637 image_0637_warp 0.95028115 0.15760870 -42.75200927 -0.07248313 1.15260420 -0.43457790 -0.00042611 0.00028367 1.00000000
image_0638 image_0638_warp 0.96949055 -0.05379294 37.50664239 -0.04669823 1.11105613 25.17315740 -0.00013994 0.00020958 1.00000000
image_0639 image_0639_warp 0.92894045 0.68420844 -33.72015162 0.03331870 1.35068697 -29.04562153 -0.00005730 0.00134510 1.00000000
image_0640 image_0640_warp 1.21045575 0.30673538 -38.96490216 -0.00086329 1.12113669 -6.71456740 0.00026529 0.00021243 1.00000000
image_0641 image_0641_warp 0.96697750 0.09387603 -57.48384265 -0.05699627 0.98880043 11.99744025 -0.00018574 -0.00024197 1.00000000
image_0642 image_0642_warp 0.94171475 -0.00139754 16.97421862 -0.00725541 1.07234441 5.36723948 -0.00024425 0.00101203 1.00000000
image_0643 image_0643_warp 0.85184288 -0.04488632 22.22532233 -0.06679547 0.79210256 19.89121220 -0.00009412 -0.00031974 1.00000000
image_0644 image_0644_warp 1.01294839 -0.01563330 -9.33143840 -0.05866636 1.14145245 -29.76248144 -0.00016787 0.00006814 1.00000000
image_0645 image_0645_warp 0.95995696 -0.18383288 59.71656592 0.23003177 0.73747157 -50.28317733 0.00037052 -0.00064772 1.00000000
image_0646 image_0646_warp 1.10296154 0.01618867 -42.04426045 -0.01811013 0.86917679 47.59490615 0.00013795 -0.00011784 1.00000000
image_0647 image_0647_warp 1.36209586 -0.11488486 -30.07065866 0.20504371 1.08905783 -64.82459085 0.00053902 -0.00035768 1.00000000
image_0648 image_0648_warp 0.88855428 -0.02045673 -3.87593625 -0.04743967 0.95842639 2.52543128 -0.00035004 0.00008978 1.00000000
image_0649 image_0649_warp 0.90127185 0.12760241 19.94254836 -0.08576364 1.11141117 4.95635192 -0.00006518 0.00033012 1.00000000
image_0650 image_0650_warp 1.24037844 0.06451344 -56.56629334 -0.02714453 1.16756626 -27.71060659 0.00013640 0.00007908 1.00000000
image_0651 image_0651_warp 1.20237661 0.24178224 -79.92769912 -0.05727811 1.32050609 19.79074962 0.00002003 0.00064028 1.00000000
image_0652 image_0652_warp 1.13191169 -0.06438492 35.16871952 0.14985957 0.86965822 -39.26739094 0.00044154 -0.00048025 1.00000000
image_0653 image_0653_warp 1.00361432 0.01349560 -50.35074739 -0.03958358 0.91548406 16.25907156 -0.00010973 -0.00016911 1.00000000
image_0654 image_0654_warp 1.21948336 0.20244451 -54.24949559 0.15334414 1.07795736 -48.01719980 0.00042565 -0.00002283 1.00000000
image_0655 image_0655_warp 1.52912342 0.12435044 -39.45040889 0.10642808 1.54352312 -63.67844169 0.00099465 0.00050327 1.00000000
image_0656 image_0656_warp 0.94833148 0.15350809 -42.89975244 -0.31457006 1.16033046 54.37832947 -0.00041013 0.00033028 1.00000000
image_0657 image_0657_warp 0.98200105 0.06714671 -20.44622529 -0.20290612 1.02393558 11.64715305 -0.00036717 0.00018940 1.00000000
image_0658 image_0658_warp 0.86780678 -0.06182463 35.24727345 -0.12372918 0.81433699 3.06940077 -0.00007552 -0.00032962 1.00000000
image_0659 image_0659_warp 1.14493011 -0.02297398 33.00653172 0.22673632 1.22430003 -83.06084517 0.00037114 0.00004582 1.00000000
image_0660 image_0660_warp 1.03859396 0.15014041 -38.51013141 0.05152882 1.16157014 -23.91056382 0.00005346 0.00012194 1.00000000
image_0661 image_0661_warp 0.90893828 0.01408190 -13.95779746 -0.15500988 0.83077521 81.39381396 -0.00038088 0.00013303 1.00000000
image_0662 image_0662_warp 0.84939076 0.01401933 -42.08602485 -0.23016876 0.87876648 63.94841222 -0.00038865 -0.00013143 1.00000000
image_0663 image_0663_warp 0.94922322 -0.24616295 46.95343731 0.03295062 0.80353801 17.78496960 0.00004460 -0.00037015 1.00000000
image_0664 image_0664_warp 1.03273690 0.08423346 -41.47749574 -0.00486353 1.22515828 -36.60495648 -0.00022425 0.00043913 1.00000000
image_0665 image_0665_warp 1.26786264 0.00040697 -14.99304769 -0.12265231 1.22466214 20.63244508 0.00023347 0.00045405 1.00000000
image_0666 image_0666_warp 0.91711605 -0.06523004 32.87678645 0.00199013 0.91084097 -0.20642982 0.00006886 -0.00025664 1.00000000
image_0667 image_0667_warp 0.82585866 -0.13635539 9.16725101 -0.00095596 0.75883039 -13.09175210 -0.00013448 -0.00050601 1.00000000
image_0668 image_0668_warp 1.14622691 0.22855082 -51.36380441 -0.00503345 0.95526977 36.37658991 0.00028802 -0.00008972 1.00000000
image_0669 image_0669_warp 1.54429936 -0.17437811 25.59958319 0.19220373 1.25890011 -48.24867998 0.00078471 0.00030317 1.00000000
image_0670 image_0670_warp 1.01374738 -0.17787813 45.11935950 0.02354817 0.87998623 -4.63017310 0.00004113 -0.00034534 1.00000000
image_0671 image_0671_warp 1.42719438 -0.14499326 -24.01018227 0.15358533 1.00995382 -38.95702768 0.00062889 -0.00035417 1.00000000
image_0672 image_0672_warp 1.15691025 -0.05096816 -41.83172638 0.03886151 0.98705260 -33.41992144 0.00028062 -0.00035191 1.00000000
image_0673 image_0673_warp 1.08821016 0.15460868 2.44150249 0.02918242 1.02868975 -14.44579992 0.00015457 0.00001382 1.00000000
image_0674 image_0674_warp 1.25611784 -0.23396908 38.04532058 0.16177716 0.93368630 -31.49112856 0.00077905 -0.00079463 1.00000000
image_0675 image_0675_warp 0.81926873 -0.31028534 85.75830036 -0.09682719 0.78287175 46.43045635 -0.00014389 -0.00041497 1.00000000
image_0676 image_0676_warp 1.05675042 0.06907728 -49.51786794 0.12885430 0.96116413 -51.81329139 0.00008625 -0.00011592 1.00000000
image_0677 image_0677_warp 0.83135844 -0.10084770 34.98124207 -0.02726438 0.83049900 -15.07202059 -0.00023687 -0.00023534 1.00000000
image_0678 image_0678_warp 1.00219919 -0.04468550 -43.77912703 -0.06165609 0.93904594 16.33554710 0.00003749 -0.00024217 1.00000000
image_0679 image_0679_warp 0.76364094 0.25357231 -34.28481006 -0.03158031 0.93404122 6.43088468 -0.00035358 0.00007380 1.00000000
image_0680 image_0680_warp 1.25090539 -0.08909663 -26.85376211 0.11702432 1.29196758 -52.32707478 0.00019503 0.00045961 1.00000000
image_0681 image_0681_warp 0.81968357 -0.14640940 42.14028424 0.03515526 0.63589338 10.71756071 -0.00001592 -0.00066691 1.00000000
image_0682 image_0682_warp 0.81326218 -0.02739957 -4.78308556 -0.06164150 0.91094634 9.53988529 -0.00025579 -0.00016280 1.00000000
image_0683 image_0683_warp 1.48865848 -0.03013513 -23.92205536 0.40470255 1.25520327 -70.21006348 0.00119202 -0.00000804 1.00000000
image_0684 image_0684_warp 0.98891511 0.05597256 7.86321452 -0.12593134 1.01238093 -2.78481387 0.00014330 -0.00011485 1.00000000
image_0685 image_0685_warp 1.65167256 0.25213487 -77.03082862 0.03376858 2.11521068 -114.35816198 0.00064365 0.00128549 1.00000000
image_0686 image_0686_warp 0.89471268 -0.07898619 20.41786155 -0.20869907 0.98235669 45.59268677 -0.00010563 -0.00008157 1.00000000
image_0687 image_0687_warp 0.82488973 -0.19874439 76.28996858 0.00044550 0.79094647 20.42065028 -0.00022442 -0.00019733 1.00000000
image_0688 image_0688_warp 1.15553699 -0.12663866 3.43008242 0.11261029 1.14667528 -58.53788670 0.00035640 -0.00013663 1.00000000
image_0689 image_0689_warp 1.32872655 -0.12503941 20.97474923 0.15684660 1.18400659 -46.93189073 0.00056594 0.00001854 1.00000000
image_0690 image_0690_warp 0.63159029 -0.08350887 86.75967091 -0.18144014 0.85052977 65.46306672 -0.00046667 0.00004920 1.00000000
image_0691 image_0691_warp 0.92830365 0.05962115 -15.45577809 -0.29176424 1.00118807 50.99761451 -0.00009585 0.00000506 1.00000000
image_0692 image_0692_warp 1.04589904 0.14664528 -19.81901199 -0.13001852 1.42633019 -6.09190687 -0.00003759 0.00058689 1.00000000
image_0693 image_0693_warp 0.95289678 -0.07377983 27.75100367 0.23638501 0.77256204 -52.62977789 0.00043598 -0.00049092 1.00000000
image_0694 image_0694_warp 1.05281602 -0.09738180 16.72968553 -0.00153409 0.70239076 62.08660840 0.00012993 -0.00032655 1.00000000
image_0695 image_0695_warp 1.57824036 0.36665080 -111.78088016 0.05965907 1.36074569 13.74332637 0.00047960 0.00098759 1.00000000
image_0696 image_0696_warp 1.02022067 -0.19558445 15.17528038 -0.08179179 1.03879885 3.79629838 -0.00003273 -0.00007221 1.00000000
image_0697 image_0697_warp 1.39513392 0.26086801 -42.31059766 0.09775505 1.29329959 -13.73000785 0.00034381 0.00050456 1.00000000
image_0698 image_0698_warp 0.91841080 0.00647477 45.67928983 -0.02631681 0.98899332 -5.98082567 -0.00001510 -0.00019204 1.00000000
image_0699 image_0699_warp 0.95096280 0.07692501 26.58223746 0.00655736 0.80921660 38.93791244 0.00002891 -0.00018624 1.00000000
image_0700 image_0700_warp 0.75917142 0.07835809 -27.15523650 -0.07779026 0.91017802 29.89880134 -0.00036458 0.00006816 1.00000000
image_0701 image_0701_warp 1.09905256 -0.06088471 33.57572810 0.13457434 1.07532127 -30.60994430 0.00018158 0.00003961 1.00000000
image_0702 image_0702_warp 1.17590928 0.02777594 17.32595571 0.04586189 1.00682429 5.94534141 0.00044635 -0.00020213 1.00000000
image_0703 image_0703_warp 1.10467663 -0.09895723 30.73799545 -0.02794842 1.37481671 -40.40387199 0.00004699 0.00040555 1.00000000
image_0704 image_0704_warp 0.92786506 -0.03200844 28.82155201 -0.02069598 0.84547579 44.24952011 -0.00021137 0.00017941 1.00000000
image_0705 image_0705_warp 0.78268634 -0.23099717 52.92440600 -0.13917928 0.75001029 51.71051401 -0.00025935 -0.00040249 1.00000000
image_0706 image_0706_warp 1.15899552 0.03682952 -5.94844711 -0.00235219 1.07387649 25.32909922 0.00009494 0.00042074 1.00000000
image_0707 image_0707_warp 1.04576730 -0.05960965 25.55644755 0.18900208 0.84187772 -33.38122823 0.00039662 -0.00043046 1.00000000
image_0708 image_0708_warp 0.43412741 -0.15953130 93.27099722 -0.18190610 0.54371608 77.68010149 -0.00058750 -0.00046436 1.00000000
image_0709 image_0709_warp 0.88244750 -0.15797901 17.25625895 -0.06347247 0.83243424 19.82598371 -0.00023051 -0.00028079 1.00000000
image_0710 image_0710_warp 0.77487106 -0.13627203 54.05886664 -0.05154478 0.81901010 14.69548728 -0.00032782 -0.00021935 1.00000000
image_0711 image_0711_warp 0.92584228 0.21646347 -23.61735490 0.03746984 1.21963519 -48.27015688 -0.00013394 0.00034510 1.00000000
image_0712 image_0712_warp 0.81260628 0.01471184 73.26651041 -0.06011544 1.04246264 31.06691357 -0.00016263 0.00039039 1.00000000
image_0713 image_0713_warp 0.69581210 0.28864750 -13.84207428 -0.14461877 1.00353557 48.28330937 -0.00051714 0.00054268 1.00000000
image_0714 image_0714_warp 1.29690227 0.00008676 -38.04841305 -0.00022862 1.17416417 -19.54325744 0.00020720 0.00031245 1.00000000
image_0715 image_0715_warp 1.46392340 -0.02054750 -13.04728182 0.20729708 1.16311982 -57.07855526 0.00064712 -0.00010681 1.00000000
image_0716 image_0716_warp 1.25445962 0.10993975 13.39061548 0.14491933 1.32383761 -65.20602075 0.00062181 0.00015103 1.00000000
image_0717 image_0717_warp 1.34498152 0.14945311 -13.48916179 0.01205184 1.41454964 -45.29965957 0.00034471 0.00065826 1.00000000
image_0718 image_0718_warp 1.52159018 0.16950661 -23.55180565 0.19771706 1.56481291 -81.49158990 0.00057433 0.00063931 1.00000000
image_0719 image_0719_warp 0.99984279 -0.10833263 23.26640954 -0.06510587 0.76505959 39.30002437 -0.00010934 -0.00024399 1.00000000
image_0720 image_0720_warp 0.93158076 -0.02143551 -10.01799731 0.01141985 0.73577330 48.74704332 -0.00023565 -0.00018141 1.00000000
image_0721 image_0721_warp 1.21198206 0.06121811 -50.11017851 0.04827849 1.14240379 -25.58302562 0.00026785 0.00010199 1.00000000
image_0722 image_0722_warp 0.68278957 -0.04445293 33.06711609 -0.22771005 0.81499714 72.05542814 -0.00076369 0.00010821 1.00000000
image_0723 image_0723_warp 0.91759571 -0.00890341 27.74341071 -0.12243082 0.94489069 118.94967102 -0.00009298 0.00000971 1.00000000
image_0724 image_0724_warp 0.93168100 -0.06640175 37.55949068 -0.05019795 0.86359142 42.32173776 -0.00010079 -0.00002426 1.00000000
image_0725 image_0725_warp 0.85080511 0.18126493 -93.59078662 0.00500513 0.97692184 16.22331844 -0.00022204 0.00008122 1.00000000
image_0726 image_0726_warp 0.81767230 -0.07249466 22.66724325 0.10316272 0.67900896 -30.67413850 -0.00008661 -0.00021586 1.00000000
image_0727 image_0727_warp 0.82137249 -0.02007423 53.14938975 -0.05403882 1.13382837 -3.31567279 -0.00009955 0.00013057 1.00000000
image_0728 image_0728_warp 0.87878504 -0.20711254 39.75158772 0.02800407 0.81019641 30.00750796 0.00001556 -0.00040202 1.00000000
image_0729 image_0729_warp 0.84461962 -0.31356455 66.20841441 0.01643605 0.75235994 -32.65737060 0.00003878 -0.00065617 1.00000000
image_0730 image_0730_warp 1.12345631 0.12284769 -61.03304919 0.00642914 1.29824541 -22.44514521 -0.00009745 0.00052767 1.00000000
image_0731 image_0731_warp 1.13929926 0.04069084 -16.74965093 0.18281313 1.12869987 -116.86938479 0.00007985 -0.00000331 1.00000000
image_0732 image_0732_warp 0.88851733 -0.00005239 88.22835222 0.00920097 1.00742546 -4.37883164 0.00004881 -0.00008587 1.00000000
image_0733 image_0733_warp 0.74862579 -0.00026972 100.96078680 -0.07072883 1.03580054 -40.68140117 -0.00020517 0.00004256 1.00000000
image_0734 image_0734_warp 0.93304486 0.01213844 64.68886915 -0.13079229 0.94755222 74.29028878 0.00001414 -0.00003547 1.00000000
image_0735 image_0735_warp 1.21220725 -0.10365467 28.65389292 0.23296189 1.04565341 -38.68585676 0.00039759 -0.00008718 1.00000000
image_0736 image_0736_warp 0.96380910 0.05886149 -62.23227975 -0.10389674 1.13360779 -26.39969341 -0.00013574 0.00006878 1.00000000
image_0737 image_0737_warp 0.78867010 0.08923446 -35.33015454 -0.20429233 1.01400131 95.66852855 -0.00027310 0.00014290 1.00000000
image_0738 image_0738_warp 1.01687849 -0.06783062 5.65591668 0.00746312 0.90498963 11.40560989 -0.00003325 -0.00010851 1.00000000
image_0739 image_0739_warp 0.98059382 0.15587504 -62.62520667 0.23492125 1.30738436 -139.71338685 -0.00011582 0.00029574 1.00000000
image_0740 image_0740_warp 0.75902124 -0.14453435 109.11566039 -0.18767141 0.65277199 173.63099956 -0.00016441 -0.00013393 1.00000000
image_0741 image_0741_warp 1.27262522 0.12868560 -29.12020225 0.00463861 1.57277569 -145.35356175 0.00012335 0.00027741 1.00000000
image_0742 image_0742_warp 0.63448433 -0.11064232 130.66627713 -0.26623530 0.66871477 161.33088165 -0.00020436 -0.00017217 1.00000000
image_0743 image_0743_warp 0.78814209 -0.15089067 138.73442612 0.04158632 0.73481349 -6.63316411 -0.00003566 -0.00018931 1.00000000
image_0744 image_0744_warp 1.05879085 0.07315709 -92.51560668 0.00765661 1.13774139 -100.85913155 -0.00010503 0.00006521 1.00000000
image_0745 image_0745_warp 1.13243292 0.02385907 16.22771618 0.07594912 1.11774564 -43.77542100 0.00024386 -0.00001299 1.00000000
image_0746 image_0746_warp 1.00502668 -0.02629483 -7.56811457 0.11529965 0.80992838 -42.78808691 0.00013258 -0.00021102 1.00000000
image_0747 image_0747_warp 0.87068450 -0.01979400 55.61552019 -0.08345630 0.77340093 144.10707668 -0.00017662 0.00001471 1.00000000
image_0748 image_0748_warp 1.22773580 0.22774350 -111.73679679 0.16126587 1.66021955 -173.05928296 0.00004201 0.00040726 1.00000000
image_0749 image_0749_warp 1.14415082 -0.01206634 -85.39853113 0.24539858 1.05533102 -91.70128069 0.00003547 0.00005431 1.00000000
image_0750 image_0750_warp 1.02099822 -0.05247667 53.76095362 0.26662985 0.98434240 -140.75449175 0.00004837 -0.00004160 1.00000000
image_0751 image_0751_warp 0.95564764 0.10929711 -101.85885618 -0.06663000 0.98224849 17.33441557 -0.00008313 0.00010435 1.00000000
image_0752 image_0752_warp 0.85267081 0.02845087 -67.24979559 -0.16785471 0.84224983 142.89731741 -0.00014063 -0.00006454 1.00000000
image_0753 image_0753_warp 0.61446212 -0.13186856 128.88677438 -0.08118075 0.56528335 174.10747226 -0.00018988 -0.00020366 1.00000000
image_0754 image_0754_warp 0.67231839 -0.16411540 134.71035895 -0.15802080 0.65379339 146.95532574 -0.00016564 -0.00022541 1.00000000
image_0755 image_0755_warp 1.34244027 0.14658849 -127.06626476 0.08858337 1.24666101 -82.88275643 0.00018331 0.00010070 1.00000000
image_0756 image_0756_warp 2.01062939 0.27871493 -200.27944897 0.50922436 2.02952885 -261.96570577 0.00078309 0.00062389 1.00000000
image_0757 image_0757_warp 0.96016695 0.00372205 -22.67893067 -0.02669850 0.74143843 154.02378779 -0.00013003 -0.00000508 1.00000000
image_0758 image_0758_warp 1.12112098 -0.03743645 43.59412588 0.09097588 1.13435757 -93.70363876 0.00007888 0.00012875 1.00000000
image_0759 image_0759_warp 0.95329136 -0.10033824 105.03494649 0.08127308 0.85604393 -13.94648731 0.00006244 -0.00013867 1.00000000
image_0760 image_0760_warp 1.08922716 -0.04747549 -49.11628145 0.15905402 0.84314983 -58.46445249 -0.00000562 -0.00010190 1.00000000
image_0761 image_0761_warp 0.84335153 -0.02577644 93.61209367 -0.00378553 1.06753889 -81.51299145 0.00005540 -0.00001962 1.00000000
image_0762 image_0762_warp 0.62022307 -0.02204400 71.70655733 -0.22276921 0.74028843 146.01023173 -0.00035088 -0.00005040 1.00000000
